 0 0 0 0.00300542 
 1 -0.00521151 -0.0345743 -0.29873 
 2 -0.00332744 -0.0789127 -0.633668 
 3 0.000205947 -0.143655 -0.953033 
 4 0.0053336 -0.243999 -1.26248 
 5 0.0751138 -0.52895 -1.24327 
 6 0.219225 -0.750198 -0.939434 
 7 0.441076 -0.923682 -0.633391 
 8 0.56909 -0.956232 -0.335315 
 9 0.695642 -1.01977 -0.649852 
 10 0.687365 -1.06853 -0.994202 
 11 0.692756 -1.13625 -1.29435 
 12 0.662655 -1.20944 -1.64371 
 13 0.598525 -1.26871 -1.99242 
 14 0.529174 -1.31858 -2.32609 
 15 0.431822 -1.34865 -2.64792 
 16 0.123397 -1.38981 -2.94415 
 17 -0.175446 -1.47513 -2.86637 
 18 -0.45398 -1.56728 -2.87065 
 19 -0.715514 -1.64211 -2.90158 
 20 -1.01162 -1.669 -3.11827 
 21 -1.2713 -1.65369 3.08157 
 22 -1.51043 -1.63073 3.06553 
 23 -1.75896 -1.66957 -2.93982 
 24 -2.00664 -1.75543 -2.86042 
 25 -2.24744 -1.83822 -2.88541 
 26 -2.49792 -1.86692 -3.09005 
 27 -2.7579 -1.86088 3.10879 
 28 -3.03753 -1.84583 3.09365 
 29 -3.31634 -1.76504 2.8062 
 30 -3.56976 -1.65906 2.81462 
 31 -3.81912 -1.57973 2.88196 
 32 -4.06112 -1.5801 -3.09719 
 33 -4.36321 -1.64964 -2.90752 
 34 -4.66255 -1.73296 -2.87099 
 35 -4.87685 -1.75243 3.09319 
 36 -5.01961 -1.67757 2.77103 
 37 -5.28134 -1.51052 2.59694 
 38 -5.55665 -1.39112 2.75297 
 39 -5.83199 -1.2445 2.63578 
 40 -6.09555 -1.07988 2.58616 
 41 -6.36386 -0.92335 2.62978 
 42 -6.63315 -0.765781 2.60968 
 43 -6.8883 -0.60797 2.58845 
 44 -7.15161 -0.443061 2.5812 
 45 -7.41104 -0.292374 2.61331 
 46 -7.68251 -0.138599 2.63405 
 47 -7.94939 -0.00155651 2.66937 
 48 -8.21007 0.147019 2.62229 
 49 -8.4695 0.29767 2.61112 
 50 -8.74103 0.448567 2.65045 
 51 -8.88304 0.473391 2.98692 
 52 -8.87303 0.42787 -2.98963 
 53 -8.84968 0.389061 -2.63083 
 54 -8.83384 0.367659 -2.27185 
 55 -8.78829 0.347222 -1.91689 
 56 -8.74795 0.35041 -1.55922 
 57 -8.70793 0.358094 -1.20299 
 58 -8.68292 0.389414 -0.844625 
 59 -8.65757 0.421732 -0.485552 
 60 -8.64524 0.460614 -0.128953 
 61 -8.65729 0.501527 0.22917 
 62 -8.66354 0.529105 0.590572 
 63 -8.69203 0.558515 0.948553 
 64 -8.73885 0.576029 1.30496 
 65 -8.77972 0.579573 1.66368 
 66 -8.81748 0.559379 2.00539 
 67 -8.84783 0.538852 2.32888 
 68 -8.86938 0.511038 2.63603 
 69 -8.87194 0.46578 2.96294 
 70 -8.87262 0.439169 -3.00047 
 71 -8.85249 0.395686 -2.69509 
 72 -8.82866 0.372625 -2.3388 
 73 -8.79499 0.350041 -1.9844 
 74 -8.75514 0.340521 -1.62625 
 75 -8.7144 0.355601 -1.26728 
 76 -8.67831 0.374456 -0.911348 
 77 -8.65091 0.414942 -0.556488 
 78 -8.63581 0.453029 -0.198309 
 79 -8.64498 0.483763 0.161345 
 80 -8.66866 0.522375 0.519441 
 81 -8.69476 0.553543 0.874818 
 82 -8.7205 0.573832 1.23411 
 83 -8.77104 0.570261 1.59294 
 84 -8.81099 0.562147 1.94935 
 85 -8.84312 0.542782 2.27703 
 86 -8.85578 0.506608 2.57921 
 87 -8.86997 0.473546 2.89683 
 88 -8.87317 0.448518 -3.08627 
 89 -8.85463 0.400952 -2.75317 
 90 -8.83681 0.381217 -2.44712 
 91 -8.80571 0.355082 -2.09196 
 92 -8.75716 0.341347 -1.73772 
 93 -8.72634 0.351818 -1.37733 
 94 -8.68822 0.366707 -1.01955 
 95 -8.66778 0.403925 -0.662635 
 96 -8.64874 0.43018 -0.304623 
 97 -8.6636 0.470554 0.051164 
 98 -8.67272 0.509911 0.404302 
 99 -8.70527 0.544086 0.762255 
 100 -8.72837 0.568195 1.12023 
 101 -8.75774 0.569173 1.47757 
 102 -8.7821 0.567214 1.77792 
 103 -8.81973 0.551986 2.13277 
 104 -8.8483 0.51645 2.46755 
 105 -8.85573 0.486097 2.7731 
 106 -8.86322 0.451846 3.08266 
 107 -8.86056 0.419354 -2.8488 
 108 -8.87618 0.355319 -2.50878 
 109 -8.89836 0.291352 -2.176 
 110 -8.88801 0.2018 -1.85532 
 111 -8.86966 0.0768933 -1.54168 
 112 -8.79008 -0.139245 -1.23363 
 113 -8.65778 -0.408886 -1.11206 
 114 -8.52106 -0.693684 -1.203 
 115 -8.48404 -1.00328 -1.46199 
 116 -8.47222 -1.30252 -1.48887 
 117 -8.47375 -1.61227 -1.80606 
 118 -8.5201 -1.60244 -2.12579 
 119 -8.5628 -1.60083 -2.48039 
 120 -8.6212 -1.60055 -2.79103 
 121 -8.70821 -1.57644 -3.13867 
 122 -8.7723 -1.52732 2.79453 
 123 -8.8179 -1.46199 2.47263 
 124 -8.87461 -1.35895 2.15069 
 125 -8.95238 -1.05988 1.88524 
 126 -9.09119 -0.780866 2.08455 
 127 -9.27939 -0.549268 2.2143 
 128 -9.46147 -0.308761 2.26514 
 129 -9.67325 -0.096737 2.31387 
 130 -9.87075 0.142725 2.30851 
 131 -10.0811 0.366031 2.30102 
 132 -10.2805 0.593453 2.28409 
 133 -10.4913 0.827305 2.32829 
 134 -10.5075 0.902363 2.031 
 135 -10.5856 1.1933 1.93402 
 136 -10.6769 1.29417 2.24558 
 137 -10.6493 1.32561 1.94098 
 138 -10.6206 1.33312 1.64183 
 139 -10.5761 1.33034 1.33912 
 140 -10.5485 1.32401 0.98143 
 141 -10.5291 1.29561 0.624031 
 142 -10.5215 1.25865 0.266099 
 143 -10.5077 1.22044 -0.0694033 
 144 -10.4932 1.19394 -0.391181 
 145 -10.4984 1.14314 -0.710597 
 146 -10.5084 1.13285 -1.01224 
 147 -10.5409 1.07832 -1.32363 
 148 -10.5646 1.05809 -1.63083 
 149 -10.6044 1.04653 -1.94958 
 150 -10.6493 1.04562 -2.26026 
 151 -10.6726 1.07167 -2.56515 
 152 -10.9236 0.921579 -2.43593 
 153 -11.0038 0.912817 -2.75271 
 154 -11.0593 0.939234 -3.10062 
 155 -11.1195 0.981757 2.88244 
 156 -11.4206 1.04309 3.02764 
 157 -11.5617 1.00386 -2.94083 
 158 -11.6906 0.91694 -2.61439 
 159 -11.768 0.791397 -2.30421 
 160 -11.8484 0.603131 -1.99696 
 161 -11.9229 0.315998 -1.81172 
 162 -11.9626 0.00906928 -1.69897 
 163 -12.0013 -0.288421 -1.69765 
 164 -12.037 -0.598371 -1.68289 
 165 -12.0683 -0.896731 -1.67374 
 166 -12.099 -1.19515 -1.67406 
 167 -12.1221 -1.50932 -1.64062 
 168 -12.1264 -1.83071 -1.57236 
 169 -12.1592 -1.92443 -1.88626 
 170 -12.1904 -1.91866 -2.19135 
 171 -12.2196 -1.89687 -2.50684 
 172 -12.2591 -1.87243 -2.82193 
 173 -12.2649 -1.83649 -3.13991 
 174 -12.2697 -1.80218 2.84044 
 175 -12.2544 -1.77078 2.53204 
 176 -12.2406 -1.72489 2.22077 
 177 -12.2084 -1.70767 1.90828 
 178 -12.1737 -1.69123 1.60063 
 179 -12.139 -1.70552 1.29529 
 180 -12.1024 -1.71335 0.93949 
 181 -12.0706 -1.73953 0.581149 
 182 -12.0455 -1.773 0.225184 
 183 -12.0296 -1.8128 -0.130456 
 184 -12.02 -1.85769 -0.479532 
 185 -12.0247 -1.9108 -0.818148 
 186 -12.0339 -1.95731 -1.14432 
 187 -12.0622 -1.98981 -1.46078 
 188 -12.0976 -2.01359 -1.76281 
 189 -12.1469 -2.04446 -2.07679 
 190 -12.1776 -2.037 -2.3791 
 191 -12.2199 -2.01854 -2.68361 
 192 -12.2304 -1.98526 -2.98823 
 193 -12.2404 -1.94033 2.99005 
 194 -12.23 -1.917 2.68514 
 195 -12.3148 -1.78416 2.38439 
 196 -12.3762 -1.67671 2.06682 
 197 -12.3389 -1.65419 1.72009 
 198 -12.3125 -1.65346 1.40832 
 199 -12.2697 -1.63506 1.0705 
 200 -12.2124 -1.65005 0.717502 
 201 -12.1694 -1.65923 0.37298 
 202 -12.1297 -1.69879 0.0240958 
 203 -12.0837 -1.74144 -0.315844 
 204 -12.0571 -1.78685 -0.616507 
 205 -12.0661 -1.85065 -0.946621 
 206 -12.0701 -1.90466 -1.28131 
 207 -12.0987 -1.95683 -1.58214 
 208 -12.1499 -1.98899 -1.89388 
 209 -12.1966 -2.03446 -2.19868 
 210 -12.3541 -2.11819 -2.50544 
 211 -12.4123 -2.23973 -2.19514 
 212 -12.4155 -2.29965 -1.85683 
 213 -12.4037 -2.60077 -1.62648 
 214 -12.4883 -2.88905 -1.89582 
 215 -12.6333 -3.15746 -2.03753 
 216 -12.6941 -3.37642 -1.73222 
 217 -12.6493 -3.50792 -1.41451 
 218 -12.553 -3.6804 -1.11181 
 219 -12.3742 -3.92572 -0.934964 
 220 -12.1724 -4.15428 -0.812172 
 221 -11.9497 -4.36157 -0.747528 
 222 -11.7256 -4.56098 -0.733286 
 223 -11.5005 -4.77697 -0.785904 
 224 -11.3031 -5.00289 -0.858617 
 225 -11.1076 -5.23048 -0.858204 
 226 -10.8995 -5.44922 -0.787589 
 227 -10.665 -5.65191 -0.696009 
 228 -10.4125 -5.83313 -0.617686 
 229 -10.2228 -6.00507 -0.91833 
 230 -10.1977 -6.1272 -1.23573 
 231 -10.1979 -6.33163 -1.54187 
 232 -10.2322 -6.6302 -1.67499 
 233 -10.243 -6.94172 -1.55929 
 234 -10.2117 -7.24029 -1.46351 
 235 -10.1678 -7.5371 -1.42902 
 236 -10.1311 -7.8469 -1.46921 
 237 -10.1129 -8.14639 -1.50847 
 238 -10.096 -8.44591 -1.51566 
 239 -10.0814 -8.76556 -1.52306 
 240 -10.0651 -9.08712 -1.51404 
 241 -10.0456 -9.39851 -1.50618 
 242 -10.0281 -9.698 -1.51359 
 243 -10.0128 -10.0076 -1.521 
 244 -9.99981 -10.2973 -1.52838 
 245 -9.9887 -10.6178 -1.53638 
 246 -9.97898 -10.9077 -1.53428 
 247 -9.95853 -11.217 -1.50139 
 248 -9.9379 -11.5163 -1.50439 
 249 -9.9199 -11.8157 -1.51183 
 250 -9.89747 -12.1269 -1.49622 
 251 -9.87342 -12.438 -1.48568 
 252 -9.84449 -12.7426 -1.47302 
 253 -9.81586 -13.0607 -1.47956 
 254 -9.77678 -13.3702 -1.4326 
 255 -9.73268 -13.6777 -1.43181 
 256 -9.68203 -13.9856 -1.39943 
 257 -9.63285 -14.2815 -1.40717 
 258 -9.58587 -14.5778 -1.41459 
 259 -9.5396 -14.8824 -1.42045 
 260 -9.55832 -15.1175 -1.78229 
 261 -9.62407 -15.1947 -2.08743 
 262 -9.73133 -15.2859 -2.39375 
 263 -10.0048 -15.4338 -2.63388 
 264 -10.2668 -15.6029 -2.52676 
 265 -10.4766 -15.8184 -2.34015 
 266 -10.6801 -16.0388 -2.32254 
 267 -10.8864 -16.2566 -2.32999 
 268 -10.9138 -16.3383 -1.99773 
 269 -10.8794 -16.3479 -1.68666 
 270 -10.8388 -16.3354 -1.33023 
 271 -10.8014 -16.3187 -0.972256 
 272 -10.7723 -16.2901 -0.615833 
 273 -10.765 -16.2531 -0.258463 
 274 -10.7617 -16.2124 0.0980723 
 275 -10.7729 -16.1731 0.455598 
 276 -10.8025 -16.1448 0.755645 
 277 -10.8352 -16.1206 1.11157 
 278 -10.8746 -16.1093 1.47036 
 279 -10.9052 -16.1124 1.83004 
 280 -10.9424 -16.1399 2.18553 
 281 -10.971 -16.1689 2.54219 
 282 -10.9878 -16.2063 2.90358 
 283 -10.876 -16.2334 -3.03554 
 284 -10.866 -16.2334 -2.7081 
 285 -10.8663 -16.2331 -2.39008 
 286 -10.8659 -16.2333 -2.08875 
 287 -10.8655 -16.2334 -1.78502 
 288 -10.8654 -16.2291 -1.43445 
 289 -10.8468 -16.2672 -1.11017 
 290 -10.8069 -16.3267 -0.780712 
 291 -10.7508 -16.3759 -0.446906 
 292 -10.6507 -16.4073 -0.135168 
 293 -10.462 -16.4021 0.167362 
 294 -10.1613 -16.3319 0.183748 
 295 -9.85335 -16.2966 0.05872 
 296 -9.53308 -16.2927 -0.0353252 
 297 -9.2602 -16.2887 0.0455774 
 298 -8.96958 -16.2804 0.0225421 
 299 -8.66963 -16.2748 0.0150813 
 300 -8.34949 -16.2712 0.00759834 
 301 -8.04499 -16.2676 0.0139155 
 302 -7.74138 -16.2643 0.00728012 
 303 -7.43201 -16.2632 -0.000544565 
 304 -7.12186 -16.264 -0.00805065 
 305 -6.8276 -16.266 0.00316321 
 306 -6.52218 -16.266 -0.00389729 
 307 -6.20019 -16.2664 0.0179791 
 308 -5.88949 -16.2416 0.17851 
 309 -5.59873 -16.1542 0.391002 
 310 -5.32243 -16.0783 0.082456 
 311 -5.03821 -16.0803 -0.0313692 
 312 -4.72633 -16.0883 -0.00166014 
 313 -4.43624 -16.0827 0.0400865 
 314 -4.11262 -16.0923 -0.20039 
 315 -3.82478 -16.1794 -0.253768 
 316 -3.54952 -16.2332 -0.12828 
 317 -3.27078 -16.2594 -0.0410209 
 318 -2.95146 -16.2633 -0.00258899 
 319 -2.66149 -16.2603 0.0138583 
 320 -2.37151 -16.2572 0.00649518 
 321 -2.07151 -16.2563 -0.000971166 
 322 -1.75951 -16.2574 0.00479349 
 323 -1.46951 -16.2563 -0.000198005 
 324 -1.15952 -16.2572 0.000622635 
 325 -0.85015 -16.2582 -0.00703401 
 326 -0.539469 -16.2593 -0.00240676 
 327 -0.228785 -16.2592 0.000457314 
 328 0.0826856 -16.2588 0.00708059 
 329 0.392579 -16.2581 -0.00212886 
 330 0.695942 -16.2572 0.00541745 
 331 1.00594 -16.2566 -0.000631025 
 332 1.30572 -16.247 0.0682525 
 333 1.61732 -16.2324 0.0141729 
 334 1.9173 -16.2289 0.00776501 
 335 2.21729 -16.2277 0.000377835 
 336 2.51729 -16.2286 -0.00701742 
 337 2.82727 -16.2318 -0.0144454 
 338 3.11766 -16.236 -0.0083263 
 339 3.41787 -16.2373 -0.0069254 
 340 3.69785 -16.2403 -0.013602 
 341 4.01586 -16.2456 -0.0209451 
 342 4.30387 -16.2505 -0.0128794 
 343 4.59453 -16.2533 -0.00512657 
 344 4.90521 -16.2551 -0.00495241 
 345 5.20858 -16.2562 0.00172293 
 346 5.51794 -16.257 -0.00447112 
 347 5.80131 -16.2558 0.00202021 
 348 6.11199 -16.2562 -0.00522461 
 349 6.42404 -16.2572 -0.00474337 
 350 6.72209 -16.2584 -0.0040086 
 351 7.02277 -16.2569 0.00516188 
 352 7.33345 -16.2565 -0.00280954 
 353 7.64813 -16.2564 0.0059737 
 354 7.94813 -16.2556 -0.00130616 
 355 8.24881 -16.2569 0.00440231 
 356 8.56949 -16.256 -0.00150803 
 357 8.87599 -16.2574 0.00188471 
 358 9.18748 -16.2566 -0.00115943 
 359 9.48748 -16.258 -0.00862016 
 360 9.78746 -16.2616 -0.0160286 
 361 10.0974 -16.2675 -0.0234571 
 362 10.3946 -16.2731 -0.0169466 
 363 10.7133 -16.2725 0.00953496 
 364 10.9952 -16.2635 0.0324651 
 365 11.2851 -16.2548 0.0250951 
 366 11.5957 -16.2481 0.0170797 
 367 11.8957 -16.244 0.00991633 
 368 12.2057 -16.242 0.00248589 
 369 12.4957 -16.2424 -0.0049411 
 370 12.8024 -16.245 -0.0125754 
 371 13.1217 -16.2429 0.00898633 
 372 13.4251 -16.2407 0.0220919 
 373 13.7293 -16.2106 0.215398 
 374 14.0097 -16.1067 0.485963 
 375 14.2683 -15.9546 0.5744 
 376 14.5231 -15.777 0.636403 
 377 14.7777 -15.5991 0.570608 
 378 15.0396 -15.4344 0.55739 
 379 15.2947 -15.2766 0.549981 
 380 15.5656 -15.122 0.472878 
 381 15.8505 -14.9954 0.345701 
 382 16.1375 -14.9082 0.248757 
 383 16.4346 -14.8409 0.18491 
 384 16.7471 -14.7977 0.0954945 
 385 17.058 -14.7793 0.0397272 
 386 17.3653 -14.7433 0.156025 
 387 17.6668 -14.6998 0.10842 
 388 17.9659 -14.6765 0.0481501 
 389 18.2752 -14.657 0.0685325 
 390 18.5646 -14.6375 0.0611314 
 391 18.8761 -14.6209 0.0401823 
 392 19.1814 -14.6001 0.0775029 
 393 19.4926 -14.5779 0.0473339 
 394 19.8144 -14.5662 0.0244287 
 395 20.1145 -14.549 0.0697444 
 396 20.4345 -14.5285 0.0605507 
 397 20.7342 -14.515 0.0467696 
 398 21.0479 -14.4941 0.0717877 
 399 21.3582 -14.4743 0.0402462 
 400 21.67 -14.4623 0.0490248 
 401 21.98 -14.442 0.0650177 
 402 22.2901 -14.4237 0.040787 
 403 22.6019 -14.4133 0.0182139 
 404 22.9079 -14.4086 0.0112835 
 405 23.2079 -14.4063 0.0038487 
 406 23.521 -14.4147 -0.288459 
 407 23.6068 -14.4554 -0.615048 
 408 23.7019 -14.5342 -0.921469 
 409 23.781 -14.6986 -1.23583 
 410 23.8012 -14.8099 -1.53584 
 411 23.7847 -14.9515 -1.83811 
 412 23.7807 -14.9728 -2.15427 
 413 23.7807 -14.9728 -2.45978 
 414 23.7807 -14.9728 -2.7871 
 415 23.7707 -14.9728 -3.12249 
 416 23.7608 -14.9713 2.84328 
 417 23.4749 -14.9203 3.0932 
 418 23.3035 -14.9203 -2.86764 
 419 23.3035 -14.9203 -2.52888 
 420 23.3032 -14.91 -2.22403 
 421 23.3136 -14.9102 -1.91416 
 422 23.3028 -14.9101 -1.60086 
 423 23.3045 -14.9069 -1.29606 
 424 23.3127 -14.9258 -0.988749 
 425 23.3437 -14.9645 -0.682243 
 426 23.4312 -15.0174 -0.369595 
 427 23.7225 -15.1127 -0.370138 
 428 23.9169 -15.2184 -0.672284 
 429 24.0988 -15.3908 -0.37096 
 430 24.0988 -15.3808 -0.0408207 
 431 24.0989 -15.3912 0.27931 
 432 24.0887 -15.3909 0.589557 
 433 24.3088 -15.186 0.570925 
 434 24.4692 -15.1078 0.265474 
 435 24.7284 -15.0809 -0.00254939 
 436 24.9662 -15.112 -0.299532 
 437 25.1552 -15.2082 -0.602459 
 438 25.2362 -15.2702 -0.292221 
 439 25.2362 -15.2698 0.0614128 
 440 25.2362 -15.2698 0.415999 
 441 25.2262 -15.2698 0.716533 
 442 25.2366 -15.28 1.02006 
 443 25.2366 -15.28 1.37613 
 444 25.2366 -15.29 1.73528 
 445 25.2366 -15.29 2.09251 
 446 25.2366 -15.29 2.45085 
 447 25.2366 -15.28 2.80829 
 448 25.2366 -15.29 -3.11762 
 449 25.2366 -15.29 -2.75875 
 450 25.2466 -15.29 -2.40297 
 451 25.2466 -15.29 -2.04429 
 452 25.2466 -15.29 -1.68785 
 453 25.2466 -15.28 -1.35716 
 454 25.2469 -15.2798 -1.05687 
 455 25.248 -15.2709 -0.744297 
 456 25.2765 -15.3065 -1.08504 
 457 25.2765 -15.3065 -1.3924 
 458 25.2765 -15.3065 -1.75004 
 459 25.2765 -15.3065 -2.0795 
 460 25.2832 -15.3195 -2.39957 
 461 25.2726 -15.3195 -2.70844 
 462 25.2727 -15.3199 -3.01402 
 463 25.2599 -15.3178 2.94165 
 464 25.2166 -15.3053 2.5902 
 465 25.1614 -15.2505 2.27443 
 466 25.1006 -15.1706 1.96963 
 467 25.0662 -15.0292 1.64738 
 468 25.0895 -14.7137 1.41931 
 469 25.129 -14.4162 1.47496 
 470 25.1376 -14.1062 1.62689 
 471 25.1312 -13.8537 1.32984 
 472 25.1309 -13.8535 1.02434 
 473 25.1338 -13.8394 0.706721 
 474 25.144 -13.8397 0.404754 
 475 25.144 -13.8397 0.0998575 
 476 25.144 -13.8397 -0.211598 
 477 25.1542 -13.8394 -0.519995 
 478 25.1607 -13.847 -0.822758 
 479 25.1604 -13.8571 -1.16614 
 480 25.1604 -13.8571 -1.47688 
 481 25.1604 -13.8671 -1.8329 
 482 25.156 -13.8666 -2.1887 
 483 25.1498 -13.8837 -2.53631 
 484 25.1455 -13.8865 -2.85004 
 485 25.1374 -13.8876 3.0864 
 486 25.1163 -13.8857 2.78453 
 487 25.1052 -13.8798 2.43747 
 488 25.0955 -13.8685 2.09822 
 489 25.0881 -13.8411 1.78499 
 490 25.0871 -13.8123 1.47112 
 491 25.0987 -13.7563 1.16164 
 492 25.1141 -13.7313 0.855394 
 493 25.1209 -13.7139 0.552229 
 494 25.1209 -13.7139 0.247393 
 495 25.1309 -13.7139 -0.0570326 
 496 25.1309 -13.7139 -0.361941 
 497 25.1437 -13.716 -0.66546 
 498 25.3797 -13.9006 -0.331986 
 499 25.3697 -13.9006 -0.0127464 
 500 25.3698 -13.901 0.293295 
 501 25.3596 -13.9007 0.60067 
 502 25.3596 -13.9007 0.907732 
 503 25.4278 -13.7623 1.21088 
 504 25.4964 -13.5449 1.55208 
 505 25.487 -13.4833 1.88035 
 506 25.3377 -13.2233 2.10715 
 507 25.2303 -12.9848 1.80074 
 508 25.2149 -12.7903 1.48117 
 509 25.256 -12.6157 1.17527 
 510 25.4223 -12.3611 0.879435 
 511 25.4796 -12.2903 0.525038 
 512 25.4898 -12.3011 0.223362 
 513 25.4824 -12.2905 -0.137909 
 514 25.4991 -12.295 -0.456026 
 515 25.5183 -12.308 -0.762263 
 516 25.5361 -12.3413 -1.06209 
 517 25.5376 -12.3461 -1.37468 
 518 25.5371 -12.3785 -1.67343 
 519 25.5355 -12.4009 -1.97774 
 520 25.5342 -12.4163 -2.28155 
 521 25.4606 -12.4618 -2.58804 
 522 25.1865 -12.6145 -2.59303 
 523 25.153 -12.6371 -2.29033 
 524 25.1445 -12.6575 -1.97644 
 525 25.1108 -12.722 -1.66534 
 526 25.1116 -12.717 -1.3649 
 527 25.1116 -12.717 -1.05065 
 528 25.1222 -12.7275 -0.749738 
 529 25.1897 -12.7573 -0.444873 
 530 25.2184 -12.7704 -0.122338 
 531 25.2183 -12.77 0.176538 
 532 25.1985 -12.7703 0.485504 
 533 25.4557 -12.5951 0.407748 
 534 25.7461 -12.5266 0.204338 
 535 26.0516 -12.465 0.172788 
 536 26.3603 -12.4319 0.0204698 
 537 26.6713 -12.429 0.00443143 
 538 26.9713 -12.4288 -0.0032121 
 539 27.2623 -12.4309 -0.0105083 
 540 27.5637 -12.4348 -0.31601 
 541 27.5635 -12.4351 -0.618631 
 542 27.5738 -12.4349 -0.974805 
 543 27.5643 -12.4363 -1.3079 
 544 27.5649 -12.4744 -1.62035 
 545 27.5652 -12.4845 -1.92827 
 546 27.5708 -12.4805 -2.26372 
 547 27.553 -12.5043 -2.60297 
 548 27.4604 -12.5425 -2.92467 
 549 27.2814 -12.5528 3.04996 
 550 26.9867 -12.498 2.90294 
 551 26.9031 -12.478 -3.07608 
 552 26.8933 -12.4783 -2.76842 
 553 26.903 -12.478 -2.40881 
 554 26.8937 -12.4784 -2.05668 
 555 26.9033 -12.4684 -1.6943 
 556 26.9133 -12.4684 -1.33816 
 557 26.9033 -12.4584 -0.979526 
 558 26.8935 -12.458 -0.625133 
 559 26.8934 -12.4584 -0.265376 
 560 26.8934 -12.4584 0.0919333 
 561 26.8834 -12.4684 0.447418 
 562 26.8834 -12.4584 0.806151 
 563 26.8834 -12.4684 1.16429 
 564 26.8834 -12.4684 1.52159 
 565 26.8834 -12.4784 1.87924 
 566 26.8834 -12.4784 2.21919 
 567 26.8834 -12.4784 2.53374 
 568 26.8935 -12.478 2.85212 
 569 26.9036 -12.4784 -3.1131 
 570 26.9037 -12.4788 -2.75489 
 571 26.9037 -12.4788 -2.45236 
 572 26.9134 -12.4686 -2.09088 
 573 26.9034 -12.4786 -1.73319 
 574 26.9138 -12.4685 -1.37961 
 575 26.9034 -12.4687 -1.07601 
 576 26.9037 -12.4584 -0.72263 
 577 26.9035 -12.4688 -0.360139 
 578 26.8935 -12.4584 -0.00514823 
 579 26.8935 -12.4684 0.321981 
 580 26.8935 -12.4584 0.678981 
 581 26.8832 -12.4682 1.03426 
 582 26.8832 -12.4782 1.39205 
 583 26.8832 -12.4782 1.74907 
 584 26.8935 -12.478 2.11131 
 585 26.8938 -12.4777 2.44903 
 586 26.8936 -12.478 2.75084 
 587 26.8936 -12.4784 3.05438 
 588 26.6533 -12.5001 3.11154 
 589 26.3434 -12.4789 3.05594 
 590 26.0363 -12.4551 3.09467 
 591 25.7194 -12.447 3.12888 
 592 25.4198 -12.4658 -2.90082 
 593 25.1671 -12.5803 -2.60427 
 594 25.1663 -12.5785 -2.29429 
 595 25.1574 -12.5918 -1.99257 
 596 25.1533 -12.6102 -1.67063 
 597 25.1528 -12.6217 -1.36032 
 598 25.1528 -12.6217 -1.05532 
 599 25.2238 -12.6889 -0.75825 
 600 25.3215 -12.7669 -0.454156 
 601 25.3215 -12.7665 -0.119203 
 602 25.3141 -12.7652 0.182726 
 603 25.3387 -12.7525 0.522916 
 604 25.3859 -12.7069 0.826692 
 605 25.4238 -12.6805 1.14252 
 606 25.4296 -12.6624 1.45262 
 607 25.4286 -12.6496 1.78603 
 608 25.4156 -12.6258 2.12363 
 609 25.3953 -12.5891 2.46376 
 610 25.3452 -12.5588 2.7997 
 611 25.2842 -12.5484 3.12807 
 612 25.2427 -12.5623 -2.85109 
 613 25.1636 -12.5825 -2.54498 
 614 25.1627 -12.5925 -2.19903 
 615 25.1673 -12.6026 -1.90132 
 616 25.1632 -12.6147 -1.58037 
 617 25.1538 -12.6272 -1.26617 
 618 25.1538 -12.6272 -0.953136 
 619 25.3186 -12.766 -0.646011 
 620 25.3083 -12.7668 -0.288026 
 621 25.3092 -12.7772 0.024974 
 622 25.3211 -12.7638 0.326936 
 623 25.3395 -12.7589 0.660351 
 624 25.4993 -12.6386 0.357632 
 625 25.6327 -12.5995 0.690853 
 626 25.6577 -12.5834 1.04821 
 627 25.6555 -12.5636 1.37924 
 628 25.6567 -12.5523 1.71431 
 629 25.6559 -12.5317 2.01619 
 630 25.6562 -12.5414 2.36995 
 631 25.6662 -12.5414 2.6726 
 632 25.6662 -12.5414 3.02981 
 633 25.6762 -12.5414 -2.89428 
 634 25.6659 -12.5311 -2.5342 
 635 25.6659 -12.5311 -2.17439 
 636 25.6759 -12.5311 -1.81771 
 637 25.6659 -12.5211 -1.45903 
 638 25.6759 -12.5211 -1.09974 
 639 25.6762 -12.5208 -0.7761 
 640 25.6662 -12.5108 -0.418109 
 641 25.6662 -12.5208 -0.06309 
 642 25.6662 -12.5208 0.290303 
 643 25.6655 -12.5198 0.589814 
 644 25.6462 -12.5203 0.942821 
 645 25.6566 -12.5304 1.28237 
 646 25.6566 -12.5304 1.59827 
 647 25.6566 -12.5404 1.90902 
 648 25.6569 -12.5402 2.22425 
 649 25.6671 -12.5398 2.54805 
 650 25.6671 -12.5398 2.85096 
 651 25.6771 -12.5498 -3.07527 
 652 25.667 -12.5395 -2.71402 
 653 25.677 -12.5395 -2.35852 
 654 25.677 -12.5295 -2.05839 
 655 25.677 -12.5295 -1.70132 
 656 25.667 -12.5295 -1.3433 
 657 25.677 -12.5295 -0.988336 
 658 25.6772 -12.5192 -0.66373 
 659 25.6672 -12.5192 -0.3073 
 660 25.6672 -12.5192 0.0496878 
 661 25.657 -12.5188 0.404996 
 662 25.657 -12.5188 0.7637 
 663 25.6574 -12.529 1.12483 
 664 25.6574 -12.529 1.46431 
 665 25.6574 -12.539 1.77927 
 666 25.6578 -12.5388 2.09616 
 667 25.658 -12.5485 2.42354 
 668 25.6682 -12.5481 2.78555 
 669 25.6682 -12.5481 3.08619 
 670 25.6782 -12.5481 -2.8391 
 671 25.6782 -12.5481 -2.48166 
 672 25.6782 -12.5381 -2.12501 
 673 25.6882 -12.5381 -1.76804 
 674 25.6782 -12.5381 -1.41292 
 675 25.6782 -12.5281 -1.05416 
 676 25.6782 -12.5281 -0.696611 
 677 25.6683 -12.5177 -0.373384 
 678 25.6683 -12.5281 -0.0145049 
 679 25.6683 -12.5281 0.341214 
 680 25.6581 -12.5278 0.637999 
 681 25.6584 -12.528 0.997449 
 682 25.6584 -12.538 1.35432 
 683 25.6688 -12.538 1.69369 
 684 25.6684 -12.5481 1.99827 
 685 25.6584 -12.5481 2.30049 
 686 25.6682 -12.5485 2.61728 
 687 25.6683 -12.5481 2.97985 
 688 25.6783 -12.5485 -3.00236 
 689 25.6783 -12.5485 -2.64694 
 690 25.6783 -12.5485 -2.28886 
 691 25.6783 -12.5485 -1.93369 
 692 25.6783 -12.5385 -1.57937 
 693 25.6783 -12.5385 -1.22462 
 694 25.6783 -12.5285 -0.865284 
 695 25.6685 -12.5281 -0.512363 
 696 25.6685 -12.5281 -0.153015 
 697 25.6685 -12.5281 0.203574 
 698 25.6688 -12.5285 0.565211 
 699 25.6584 -12.5282 0.918515 
 700 25.6584 -12.5382 1.27611 
 701 25.6584 -12.5382 1.6329 
 702 25.6584 -12.5382 1.95155 
 703 25.6687 -12.548 2.28482 
 704 25.6687 -12.548 2.59835 
 705 25.6147 -12.5297 2.90216 
 706 25.4821 -12.5176 -3.05951 
 707 25.3148 -12.5555 -2.75089 
 708 25.1514 -12.6535 -2.43135 
 709 25.1447 -12.6631 -2.13328 
 710 25.1218 -12.7143 -1.82088 
 711 25.1218 -12.7043 -1.51626 
 712 25.113 -12.7143 -1.21338 
 713 25.1153 -12.7175 -0.911224 
 714 25.1497 -12.7446 -0.617509 
 715 25.2667 -12.806 -0.269759 
 716 25.2567 -12.806 0.0709964 
 717 25.2586 -12.8154 0.371291 
 718 25.2738 -12.7916 0.680347 
 719 25.5031 -12.6579 0.376475 
 720 25.638 -12.6292 0.688193 
 721 25.6267 -12.6187 0.996386 
 722 25.6332 -12.6051 1.31062 
 723 25.6358 -12.5931 1.63629 
 724 25.6294 -12.5608 1.97398 
 725 25.612 -12.5362 2.31344 
 726 25.5616 -12.4938 2.62573 
 727 25.4827 -12.4619 2.94879 
 728 25.3879 -12.4578 -3.03253 
 729 25.1954 -12.5131 -2.72535 
 730 25.194 -12.5115 -2.38929 
 731 25.1911 -12.5276 -2.06106 
 732 25.1729 -12.5494 -1.74864 
 733 25.1815 -12.5733 -1.43407 
 734 25.1718 -12.5653 -1.12111 
 735 25.2631 -12.6726 -0.815153 
 736 25.2424 -12.674 -0.460965 
 737 25.2524 -12.6744 -0.118311 
 738 25.2424 -12.6744 0.240074 
 739 25.2526 -12.6848 0.598926 
 740 25.2423 -12.6745 0.95399 
 741 25.2423 -12.6845 1.31132 
 742 25.2423 -12.6845 1.66815 
 743 25.2526 -12.6943 2.03024 
 744 25.2423 -12.6846 2.38517 
 745 25.2523 -12.6946 2.74259 
 746 25.2523 -12.6846 3.09982 
 747 25.2523 -12.6946 -2.8241 
 748 25.2623 -12.6846 -2.46628 
 749 25.2623 -12.6846 -2.10874 
 750 25.2623 -12.6846 -1.75312 
 751 25.2623 -12.6846 -1.40261 
 752 25.252 -12.6748 -1.05787 
 753 25.2623 -12.6745 -0.754154 
 754 25.2524 -12.6742 -0.440875 
 755 25.2423 -12.665 -0.114259 
 756 25.2424 -12.6754 0.229131 
 757 25.2424 -12.6754 0.583645 
 758 25.2321 -12.6751 0.937869 
 759 25.2425 -12.6852 1.2981 
 760 25.2425 -12.6852 1.6563 
 761 25.2425 -12.6852 2.01303 
 762 25.2425 -12.6952 2.37219 
 763 25.2525 -12.6852 2.72981 
 764 25.2425 -12.6952 3.0864 
 765 25.2525 -12.6852 -2.83757 
 766 25.2525 -12.6852 -2.47891 
 767 25.2528 -12.6854 -2.12435 
 768 25.2628 -12.6854 -1.76771 
 769 25.2628 -12.6854 -1.40963 
 770 25.2525 -12.6756 -1.07332 
 771 25.2536 -12.6745 -0.773461 
 772 25.2531 -12.6756 -0.452549 
 773 25.243 -12.666 -0.123798 
 774 25.243 -12.676 0.190204 
 775 25.243 -12.676 0.49507 
 776 25.2327 -12.6757 0.847271 
 777 25.2327 -12.6757 1.20523 
 778 25.2327 -12.6757 1.56165 
 779 25.2327 -12.6857 1.91958 
 780 25.243 -12.6854 2.2792 
 781 25.2422 -12.6868 2.61925 
 782 25.2425 -12.6852 2.98925 
 783 25.2525 -12.6852 -2.96453 
 784 25.2425 -12.6852 -2.60617 
 785 25.2525 -12.6852 -2.24842 
 786 25.2525 -12.6852 -1.88928 
 787 25.2525 -12.6752 -1.5327 
 788 25.2525 -12.6752 -1.17436 
 789 25.2525 -12.6752 -0.844696 
 790 25.2425 -12.6752 -0.540383 
 791 25.2424 -12.6756 -0.22397 
 792 25.2423 -12.6748 0.108499 
 793 25.2423 -12.6748 0.463694 
 794 25.232 -12.6746 0.763359 
 795 25.232 -12.6746 1.11865 
 796 25.232 -12.6846 1.47758 
 797 25.232 -12.6846 1.83504 
 798 25.2424 -12.6943 2.19548 
 799 25.2319 -12.685 2.54644 
 800 25.242 -12.6846 2.90851 
 801 25.242 -12.6846 -3.01831 
 802 25.242 -12.6846 -2.65893 
 803 25.242 -12.6846 -2.30097 
 804 25.2524 -12.6847 -1.94622 
 805 25.2524 -12.6747 -1.58678 
 806 25.2431 -12.6745 -1.22645 
 807 25.2422 -12.6752 -0.872224 
 808 25.2422 -12.6652 -0.558154 
 809 25.2421 -12.6756 -0.238124 
 810 25.2421 -12.6652 0.0660753 
 811 25.2319 -12.6649 0.408975 
 812 25.2322 -12.6751 0.78353 
 813 25.2322 -12.6751 1.14007 
 814 25.2322 -12.6851 1.49663 
 815 25.2322 -12.6851 1.79716 
 816 25.2322 -12.6851 2.15316 
 817 25.232 -12.6855 2.50765 
 818 25.2315 -12.687 2.84802 
 819 25.2415 -12.687 -3.07679 
 820 25.2408 -12.6855 -2.70621 
 821 25.2508 -12.6855 -2.34688 
 822 25.2408 -12.6755 -1.98943 
 823 25.2508 -12.6755 -1.63237 
 824 25.2508 -12.6755 -1.27725 
 825 25.2408 -12.6755 -0.918825 
 826 25.2408 -12.6655 -0.573775 
 827 25.241 -12.6748 -0.247288 
 828 25.2311 -12.6656 0.0599303 
 829 25.2211 -12.6656 0.373313 
 830 25.2213 -12.6659 0.713904 
 831 25.2217 -12.676 1.12002 
 832 25.2321 -12.6861 1.47818 
 833 25.2217 -12.6762 1.8307 
 834 25.232 -12.686 2.19326 
 835 25.2318 -12.6863 2.54768 
 836 25.2318 -12.6863 2.9028 
 837 25.2318 -12.6863 -3.07923 
 838 25.2418 -12.6863 -2.72513 
 839 25.2418 -12.6863 -2.36692 
 840 25.2418 -12.6763 -2.00865 
 841 25.2418 -12.6763 -1.65247 
 842 25.2418 -12.6763 -1.29727 
 843 25.2418 -12.6763 -0.944074 
 844 25.2418 -12.6663 -0.585294 
 845 25.2317 -12.6667 -0.251849 
 846 25.2317 -12.6667 0.0575025 
 847 25.2217 -12.6667 0.358257 
 848 25.2317 -12.6767 0.693188 
 849 25.2214 -12.6765 1.17858 
 850 25.2214 -12.6865 1.53656 
 851 25.2317 -12.6864 1.89849 
 852 25.2214 -12.6866 2.25198 
 853 25.2314 -12.6866 2.60917 
 854 25.2314 -12.6866 2.96813 
 855 25.2314 -12.6866 -2.95798 
 856 25.2414 -12.6866 -2.60152 
 857 25.2314 -12.6866 -2.24687 
 858 25.2414 -12.6866 -1.89189 
 859 25.2414 -12.6766 -1.53252 
 860 25.2414 -12.6766 -1.1761 
 861 25.2314 -12.6766 -0.81971 
 862 25.2314 -12.6666 -0.459744 
 863 25.2314 -12.6666 -0.118844 
 864 25.2214 -12.6666 0.205008 
 865 25.2216 -12.677 0.514191 
 866 25.2216 -12.677 0.828851 
 867 25.2116 -12.677 1.1816 
 868 25.222 -12.687 1.49007 
 869 25.2208 -12.6873 1.7868 
 870 25.2219 -12.6866 2.14388 
 871 25.2216 -12.687 2.49593 
 872 25.2317 -12.6866 2.85656 
 873 25.2317 -12.6866 -3.06643 
 874 25.2319 -12.6869 -2.71244 
 875 25.2319 -12.6869 -2.35362 
 876 25.2419 -12.6869 -2.02465 
 877 25.2419 -12.6769 -1.66797 
 878 25.2419 -12.6769 -1.30958 
 879 25.2419 -12.6769 -0.949577 
 880 25.2319 -12.6769 -0.59206 
 881 25.2319 -12.6669 -0.233784 
 882 25.2319 -12.6773 0.107549 
 883 25.2218 -12.667 0.422212 
 884 25.222 -12.6773 0.731173 
 885 25.2224 -12.6775 1.03771 
 886 25.222 -12.6874 1.35889 
 887 25.222 -12.6874 1.66543 
 888 25.222 -12.6874 2.0213 
 889 25.2217 -12.6877 2.37625 
 890 25.2217 -12.6877 2.73212 
 891 25.2317 -12.6877 3.09045 
 892 25.2317 -12.6877 -2.83642 
 893 25.2317 -12.6877 -2.47988 
 894 25.2417 -12.6877 -2.12298 
 895 25.2317 -12.6877 -1.79306 
 896 25.2417 -12.6777 -1.43619 
 897 25.2317 -12.6777 -1.07785 
 898 25.2317 -12.6777 -0.718132 
 899 25.2317 -12.6677 -0.360657 
 900 25.2317 -12.6781 -0.000588192 
 901 25.2216 -12.6677 0.332371 
 902 25.2218 -12.678 0.649688 
 903 25.2118 -12.678 0.959839 
 904 25.2222 -12.6881 1.2868 
 905 25.2122 -12.6881 1.63454 
 906 25.2226 -12.688 1.94277 
 907 25.2226 -12.698 2.29858 
 908 25.2224 -12.6984 2.65286 
 909 25.2224 -12.6984 3.00956 
 910 25.2324 -12.6984 -2.91451 
 911 25.2324 -12.6884 -2.55698 
 912 25.2324 -12.6884 -2.19939 
 913 25.2324 -12.6884 -1.84115 
 914 25.2424 -12.6884 -1.54107 
 915 25.2424 -12.6784 -1.18401 
 916 25.2324 -12.6784 -0.826061 
 917 25.2324 -12.6784 -0.468794 
 918 25.2224 -12.6784 -0.110837 
 919 25.2224 -12.6784 0.246876 
 920 25.2224 -12.6784 0.573506 
 921 25.2124 -12.6784 0.877375 
 922 25.2128 -12.6885 1.189 
 923 25.212 -12.6885 1.50304 
 924 25.2224 -12.6983 1.85644 
 925 25.2224 -12.6983 2.15925 
 926 25.2221 -12.6987 2.51231 
 927 25.2221 -12.6987 2.8688 
 928 25.2221 -12.6987 -3.05647 
 929 25.2321 -12.6987 -2.69913 
 930 25.2221 -12.6987 -2.34277 
 931 25.2321 -12.6887 -1.9864 
 932 25.2321 -12.6887 -1.62837 
 933 25.2321 -12.6887 -1.27027 
 934 25.2321 -12.6787 -0.913505 
 935 25.2321 -12.6787 -0.556679 
 936 25.2221 -12.6787 -0.199071 
 937 25.2221 -12.6787 0.158658 
 938 25.2223 -12.689 0.517218 
 939 25.212 -12.6787 0.834886 
 940 25.2124 -12.6889 1.16274 
 941 25.2124 -12.6889 1.46434 
 942 25.2228 -12.6988 1.81783 
 943 25.2125 -12.6991 2.27295 
 944 25.2225 -12.6991 2.62625 
 945 25.2225 -12.6991 2.98475 
 946 25.2225 -12.6991 -2.93913 
 947 25.2225 -12.6991 -2.58224 
 948 25.2325 -12.6991 -2.22321 
 949 25.2325 -12.6891 -1.86527 
 950 25.2225 -12.6891 -1.50717 
 951 25.2325 -12.6891 -1.15033 
 952 25.2325 -12.6891 -0.793927 
 953 25.2325 -12.6891 -0.438677 
 954 25.2225 -12.6891 -0.0792974 
 955 25.2124 -12.6787 0.274783 
 956 25.2124 -12.6887 0.632254 
 957 25.2127 -12.6889 0.970644 
 958 25.2231 -12.699 1.28991 
 959 25.2227 -12.699 1.58776 
 960 25.2223 -12.6992 1.89287 
 961 25.2123 -12.7092 2.30527 
 962 25.2223 -12.7092 2.60645 
 963 25.2223 -12.7092 2.96079 
 964 25.2223 -12.6992 -2.9639 
 965 25.2325 -12.7095 -2.61016 
 966 25.2322 -12.6993 -2.24984 
 967 25.2322 -12.6993 -1.89405 
 968 25.2322 -12.6993 -1.53988 
 969 25.2322 -12.6993 -1.18255 
 970 25.2222 -12.6893 -0.762831 
 971 25.2222 -12.6893 -0.405748 
 972 25.2222 -12.6893 -0.0465464 
 973 25.2222 -12.6893 0.311352 
 974 25.2122 -12.6893 0.668589 
 975 25.2225 -12.6995 1.02287 
 976 25.2125 -12.6995 1.32685 
 977 25.2121 -12.6995 1.62623 
 978 25.2125 -12.7093 1.94256 
 979 25.2219 -12.7098 2.24655 
 980 25.2219 -12.7098 2.74271 
 981 25.2218 -12.7106 3.09407 
 982 25.2317 -12.7103 -2.83028 
 983 25.2317 -12.7103 -2.47325 
 984 25.2417 -12.7003 -2.11655 
 985 25.2313 -12.7002 -1.75404 
 986 25.2313 -12.7002 -1.3958 
 987 25.2213 -12.7002 -1.03797 
 988 25.2313 -12.6902 -0.681659 
 989 25.2213 -12.6902 -0.323863 
 990 25.2213 -12.6902 0.0322895 
 991 25.2112 -12.6898 0.382339 
 992 25.2112 -12.6898 0.739557 
 993 25.2105 -12.7094 1.09035 
 994 25.2117 -12.6996 1.42682 
 995 25.2217 -12.7096 1.73038 
 996 25.2113 -12.6998 2.02711 
 997 25.221 -12.7101 2.3296 
 998 25.221 -12.7101 2.84737 
 999 25.221 -12.7201 -3.07949 
 1000 25.231 -12.7101 -2.72317 
 1001 25.231 -12.7101 -2.36622 
 1002 25.2306 -12.6999 -2.00431 
 1003 25.2306 -12.6999 -1.64663 
 1004 25.2306 -12.6999 -1.28992 
 1005 25.2306 -12.6999 -0.931269 
 1006 25.2206 -12.6999 -0.512476 
 1007 25.2206 -12.6899 -0.155545 
 1008 25.2206 -12.6999 0.201511 
 1009 25.2104 -12.6896 0.556656 
 1010 25.2207 -12.6998 0.917601 
 1011 25.2104 -12.6997 1.26947 
 1012 25.2104 -12.6997 1.59548 
 1013 25.2107 -12.7096 1.93413 
 1014 25.2207 -12.7196 2.24541 
 1015 25.2205 -12.7099 2.57132 
 1016 25.2205 -12.7199 2.91473 
 1017 25.2305 -12.7095 -3.06436 
 1018 25.2307 -12.7199 -2.71263 
 1019 25.2407 -12.7099 -2.3544 
 1020 25.2407 -12.7099 -1.99779 
 1021 25.2407 -12.7099 -1.69704 
 1022 25.2407 -12.6999 -1.34172 
 1023 25.2303 -12.7001 -0.980246 
 1024 25.2306 -12.6998 -0.628635 
 1025 25.2306 -12.6898 -0.26954 
 1026 25.2206 -12.6998 0.0883346 
 1027 25.2206 -12.6998 0.446588 
 1028 25.2206 -12.6998 0.802822 
 1029 25.2209 -12.7099 1.16344 
 1030 25.2205 -12.7099 1.46179 
 1031 25.2209 -12.7098 1.79049 
 1032 25.2209 -12.7198 2.0938 
 1033 25.2207 -12.7101 2.40477 
 1034 25.2305 -12.7205 2.72132 
 1035 25.2305 -12.7209 -3.10658 
 1036 25.2405 -12.7109 -2.74952 
 1037 25.2405 -12.7109 -2.39156 
 1038 25.2405 -12.7109 -2.03602 
 1039 25.2405 -12.7109 -1.67871 
 1040 25.2405 -12.7009 -1.32141 
 1041 25.2405 -12.7009 -0.963691 
 1042 25.2305 -12.7009 -0.607843 
 1043 25.2305 -12.7009 -0.249363 
 1044 25.2205 -12.7009 0.229028 
 1045 25.2205 -12.7009 0.58672 
 1046 25.2205 -12.7009 0.943367 
 1047 25.2205 -12.7009 1.29757 
 1048 25.2205 -12.7109 1.65247 
 1049 25.2205 -12.7109 1.98724 
 1050 25.2308 -12.7206 2.295 
 1051 25.2306 -12.7209 2.59222 
 1052 25.2304 -12.7117 2.89381 
 1053 25.2304 -12.7217 -3.07644 
 1054 25.2404 -12.7117 -2.76905 
 1055 25.2404 -12.7117 -2.41518 
 1056 25.2404 -12.7117 -2.05662 
 1057 25.2404 -12.7117 -1.69889 
 1058 25.2404 -12.7017 -1.34115 
 1059 25.2404 -12.7017 -0.982818 
 1060 25.2304 -12.7017 -0.627146 
 1061 25.2404 -12.7017 -0.272469 
 1062 25.2304 -12.7017 0.083256 
 1063 25.2304 -12.7017 0.441943 
 1064 25.2201 -12.7014 0.797385 
 1065 25.2201 -12.7014 1.15495 
 1066 25.2201 -12.7114 1.51409 
 1067 25.2201 -12.7114 1.87022 
 1068 25.2304 -12.7212 2.20497 
 1069 25.2304 -12.7212 2.50934 
 1070 25.2303 -12.7216 2.81133 
 1071 25.2403 -12.7224 -3.13438 
 1072 25.2503 -12.7124 -2.64893 
 1073 25.2503 -12.7124 -2.29299 
 1074 25.2503 -12.7124 -1.93469 
 1075 25.2503 -12.7124 -1.57613 
 1076 25.2503 -12.7024 -1.21782 
 1077 25.24 -12.7026 -0.857152 
 1078 25.2402 -12.7023 -0.503624 
 1079 25.2402 -12.7023 -0.144931 
 1080 25.2302 -12.7023 0.211109 
 1081 25.2302 -12.7023 0.568672 
 1082 25.2302 -12.7023 0.868721 
 1083 25.2306 -12.7124 1.22888 
 1084 25.2302 -12.7124 1.58321 
 1085 25.2306 -12.7223 1.94268 
 1086 25.2303 -12.7125 2.28303 
 1087 25.2303 -12.7225 2.61268 
 1088 25.2403 -12.7125 2.93401 
 1089 25.2403 -12.7129 -3.04779 
 1090 25.2505 -12.7133 -2.59655 
 1091 25.2505 -12.7133 -2.29505 
 1092 25.2505 -12.7133 -1.9386 
 1093 25.2505 -12.7133 -1.58151 
 1094 25.2505 -12.7033 -1.22405 
 1095 25.2505 -12.7033 -0.86514 
 1096 25.2405 -12.7033 -0.508993 
 1097 25.2405 -12.7033 -0.150113 
 1098 25.2405 -12.7033 0.208192 
 1099 25.2305 -12.7033 0.775736 
 1100 25.2409 -12.7135 1.13769 
 1101 25.2305 -12.7134 1.49154 
 1102 25.2305 -12.7134 1.84803 
 1103 25.2408 -12.7232 2.21069 
 1104 25.2406 -12.7235 2.54693 
 1105 25.2406 -12.7135 2.86488 
 1106 25.2406 -12.7235 -3.10006 
 1107 25.251 -12.7246 -2.78386 
 1108 25.2507 -12.7143 -2.4607 
 1109 25.2507 -12.7143 -2.15297 
 1110 25.2507 -12.7143 -1.79994 
 1111 25.2507 -12.7143 -1.4405 
 1112 25.2507 -12.7043 -1.08349 
 1113 25.2507 -12.7043 -0.724426 
 1114 25.2407 -12.7043 -0.366325 
 1115 25.2507 -12.7043 -0.0091399 
 1116 25.2407 -12.7043 0.290988 
 1117 25.2405 -12.704 0.643602 
 1118 25.2305 -12.704 1.00241 
 1119 25.2409 -12.7141 1.36383 
 1120 25.2305 -12.7142 1.71828 
 1121 25.2408 -12.724 2.07801 
 1122 25.2406 -12.7143 2.43197 
 1123 25.2407 -12.7239 2.77089 
 1124 25.2507 -12.7139 3.08422 
 1125 25.2508 -12.7243 -2.89362 
 1126 25.2512 -12.715 -2.5933 
 1127 25.2612 -12.715 -2.08604 
 1128 25.2612 -12.715 -1.73023 
 1129 25.2512 -12.705 -1.37093 
 1130 25.2612 -12.705 -1.01295 
 1131 25.2512 -12.705 -0.655388 
 1132 25.2512 -12.705 -0.298949 
 1133 25.2412 -12.705 0.0597877 
 1134 25.2412 -12.705 0.417411 
 1135 25.2412 -12.705 0.952755 
 1136 25.2412 -12.705 1.27849 
 1137 25.2412 -12.715 1.63742 
 1138 25.2412 -12.715 1.99424 
 1139 25.2412 -12.725 2.35148 
 1140 25.2412 -12.715 2.70807 
 1141 25.2512 -12.725 3.0322 
 1142 25.2512 -12.715 -2.92011 
 1143 25.2612 -12.715 -2.60739 
 1144 25.2509 -12.7147 -2.26103 
 1145 25.2528 -12.7055 -1.96402 
 1146 25.2712 -12.7054 -1.59243 
 1147 25.2612 -12.7054 -1.23301 
 1148 25.2612 -12.7054 -0.877604 
 1149 25.2512 -12.6954 -0.519052 
 1150 25.2512 -12.6954 -0.16161 
 1151 25.2412 -12.6954 0.195706 
 1152 25.2514 -12.7058 0.556381 
 1153 25.2411 -12.7055 0.853103 
 1154 25.2411 -12.7055 1.20831 
 1155 25.2411 -12.7155 1.56692 
 1156 25.2411 -12.7155 1.92561 
 1157 25.2411 -12.7155 2.28294 
 1158 25.2513 -12.7151 2.6455 
 1159 25.2513 -12.7151 2.99927 
 1160 25.2513 -12.7151 -2.97365 
 1161 25.2615 -12.7155 -2.66573 
 1162 25.2615 -12.7155 -2.36392 
 1163 25.2615 -12.7055 -2.06095 
 1164 25.2615 -12.7055 -1.74588 
 1165 25.2615 -12.7055 -1.38777 
 1166 25.2615 -12.6955 -1.03203 
 1167 25.2615 -12.6955 -0.672185 
 1168 25.2515 -12.6955 -0.315664 
 1169 25.2515 -12.6955 0.042733 
 1170 25.2413 -12.6951 0.339486 
 1171 25.2413 -12.6951 0.69598 
 1172 25.2417 -12.7053 1.05842 
 1173 25.2521 -12.7154 1.39039 
 1174 25.2521 -12.7154 1.74823 
 1175 25.2517 -12.7156 2.1019 
 1176 25.2517 -12.7156 2.45921 
 1177 25.2517 -12.7156 2.81515 
 1178 25.2517 -12.7156 -3.11109 
 1179 25.2617 -12.7156 -2.79385 
 1180 25.2617 -12.7156 -2.47699 
 1181 25.2717 -12.7056 -2.17025 
 1182 25.2621 -12.7057 -1.82278 
 1183 25.2721 -12.7057 -1.51472 
 1184 25.2621 -12.6957 -1.15757 
 1185 25.2621 -12.6957 -0.798154 
 1186 25.2521 -12.6957 -0.44143 
 1187 25.2521 -12.6957 -0.0812841 
 1188 25.2521 -12.6957 0.278086 
 1189 25.2521 -12.6957 0.634522 
 1190 25.2421 -12.6957 0.934572 
 1191 25.2525 -12.7058 1.29382 
 1192 25.2297 -12.696 1.62763 
 1193 25.2523 -12.7148 2.00975 
 1194 25.252 -12.7051 2.36515 
 1195 25.252 -12.7151 2.72273 
 1196 25.252 -12.7051 3.07905 
 1197 25.262 -12.7151 -2.85163 
 1198 25.262 -12.7051 -2.54425 
 1199 25.2623 -12.7054 -2.23888 
 1200 25.2623 -12.7054 -1.92592 
 1201 25.2623 -12.6954 -1.58117 
 1202 25.2623 -12.6954 -1.24303 
 1203 25.2623 -12.6854 -0.883948 
 1204 25.2623 -12.6954 -0.528465 
 1205 25.2523 -12.6854 -0.169593 
 1206 25.2523 -12.6954 0.185456 
 1207 25.2421 -12.685 0.540742 
 1208 25.2524 -12.6953 0.900221 
 1209 25.242 -12.6951 1.25369 
 1210 25.242 -12.6951 1.61068 
 1211 25.242 -12.7051 1.96988 
 1212 25.2523 -12.7049 2.33154 
 1213 25.2523 -12.7049 2.68972 
 1214 25.2523 -12.7049 3.0472 
 1215 25.2623 -12.7049 -2.88052 
 1216 25.2623 -12.7049 -2.53583 
 1217 25.2723 -12.7049 -2.21099 
 1218 25.2719 -12.6947 -1.8996 
 1219 25.2623 -12.6948 -1.59832 
 1220 25.2627 -12.6946 -1.14179 
 1221 25.2627 -12.6846 -0.841356 
 1222 25.2433 -12.6835 -0.493927 
 1223 25.2531 -12.6847 -0.125056 
 1224 25.2531 -12.6847 0.232974 
 1225 25.2429 -12.6844 0.585926 
 1226 25.2429 -12.6844 0.939695 
 1227 25.2433 -12.6945 1.29833 
 1228 25.2537 -12.7045 1.66085 
 1229 25.2537 -12.7045 2.0173 
 1230 25.2534 -12.7047 2.37311 
 1231 25.2534 -12.7047 2.72942 
 1232 25.2534 -12.7047 3.08762 
 1233 25.2634 -12.7047 -2.83846 
 1234 25.2634 -12.6947 -2.48251 
 1235 25.2631 -12.6945 -2.16189 
 1236 25.2631 -12.6945 -1.84536 
 1237 25.2635 -12.6945 -1.54682 
 1238 25.2635 -12.6845 -1.2068 
 1239 25.2638 -12.6842 -0.864607 
 1240 25.2444 -12.6832 -0.517743 
 1241 25.2542 -12.6844 -0.150204 
 1242 25.2542 -12.6844 0.207951 
 1243 25.2542 -12.6844 0.565255 
 1244 25.2439 -12.6841 0.91929 
 1245 25.2439 -12.6841 1.21965 
 1246 25.2439 -12.6941 1.57686 
 1247 25.2542 -12.694 1.9385 
 1248 25.2542 -12.704 2.53554 
 1249 25.2542 -12.694 2.89172 
 1250 25.2642 -12.704 -3.03478 
 1251 25.2642 -12.694 -2.73467 
 1252 25.2642 -12.694 -2.37788 
 1253 25.2642 -12.694 -2.0442 
 1254 25.2742 -12.684 -1.73533 
 1255 25.2642 -12.684 -1.41893 
 1256 25.2642 -12.684 -1.1134 
 1257 25.2642 -12.674 -0.783452 
 1258 25.2642 -12.684 -0.47785 
 1259 25.2543 -12.6736 -0.127691 
 1260 25.2544 -12.684 0.232318 
 1261 25.274 -12.6933 0.526172 
 1262 25.2546 -12.6838 0.888746 
 1263 25.2442 -12.6837 1.24345 
 1264 25.2546 -12.6937 1.60399 
 1265 25.2546 -12.6937 1.96172 
 1266 25.2546 -12.6937 2.31978 
 1267 25.2546 -12.6937 2.67624 
 1268 25.2646 -12.6937 3.03423 
 1269 25.2646 -12.6937 -2.89355 
 1270 25.2646 -12.6937 -2.5348 
 1271 25.2646 -12.6837 -2.17573 
 1272 25.2646 -12.6837 -1.84272 
 1273 25.2746 -12.6837 -1.53222 
 1274 25.2642 -12.6838 -1.22795 
 1275 25.2646 -12.6736 -0.916 
 1276 25.2643 -12.6739 -0.588034 
 1277 25.2643 -12.6739 -0.283995 
 1278 25.2543 -12.6739 0.0699162 
 1279 25.2545 -12.6743 0.432861 
 1280 25.2545 -12.6843 0.789309 
 1281 25.2738 -12.6939 1.14148 
 1282 25.2442 -12.684 1.50218 
 1283 25.2546 -12.6938 1.8639 
 1284 25.2546 -12.6938 2.22125 
 1285 25.2546 -12.6938 2.54852 
 1286 25.2544 -12.6942 2.84508 
 1287 25.2644 -12.6942 -3.08126 
 1288 25.2644 -12.6942 -2.72295 
 1289 25.2644 -12.6842 -2.36513 
 1290 25.2641 -12.6841 -2.00484 
 1291 25.2645 -12.6841 -1.66786 
 1292 25.2745 -12.6841 -1.34982 
 1293 25.2741 -12.6743 -1.02949 
 1294 25.2641 -12.6743 -0.721928 
 1295 25.2541 -12.6743 -0.129957 
 1296 25.2541 -12.6743 0.225565 
 1297 25.2441 -12.6743 0.579038 
 1298 25.2545 -12.6845 0.940468 
 1299 25.2441 -12.6744 1.29306 
 1300 25.2545 -12.6844 1.65573 
 1301 25.2545 -12.6944 2.01385 
 1302 25.2542 -12.6847 2.36819 
 1303 25.2542 -12.6947 2.72605 
 1304 25.2542 -12.6947 3.0262 
 1305 25.2642 -12.6847 -2.90044 
 1306 25.2642 -12.6847 -2.54207 
 1307 25.2642 -12.6847 -2.18447 
 1308 25.2642 -12.6847 -1.82779 
 1309 25.2642 -12.6747 -1.48641 
 1310 25.2742 -12.6747 -1.16839 
 1311 25.2639 -12.6749 -0.855893 
 1312 25.2641 -12.6646 -0.537077 
 1313 25.2542 -12.6742 -0.208267 
 1314 25.2542 -12.6746 0.10084 
 1315 25.2542 -12.6746 0.455835 
 1316 25.2439 -12.6743 0.809804 
 1317 25.2439 -12.6743 1.16774 
 1318 25.2443 -12.6843 1.52846 
 1319 25.2439 -12.6844 1.82543 
 1320 25.2439 -12.6844 2.18164 
 1321 25.2439 -12.6844 2.54033 
 1322 25.2539 -12.6944 2.87 
 1323 25.2539 -12.6844 -3.05604 
 1324 25.2639 -12.6844 -2.69639 
 1325 25.2639 -12.6844 -2.33947 
 1326 25.2639 -12.6744 -1.98138 
 1327 25.2639 -12.6744 -1.62424 
 1328 25.2639 -12.6744 -1.28492 
 1329 25.2639 -12.6744 -0.964359 
 1330 25.2537 -12.6648 -0.654378 
 1331 25.2538 -12.6644 -0.348672 
 1332 25.2538 -12.6744 -0.0367326 
 1333 25.2538 -12.6744 0.271469 
 1334 25.2436 -12.6741 0.625201 
 1335 25.2436 -12.6741 0.98168 
 1336 25.2428 -12.6839 1.342 
 1337 25.2436 -12.6838 1.69886 
 1338 25.2529 -12.6941 2.00082 
 1339 25.2434 -12.6836 2.35695 
 1340 25.2534 -12.6836 2.71339 
 1341 25.2534 -12.6736 -2.97339 
 1342 25.2534 -12.6836 -2.61475 
 1343 25.2547 -12.6746 -2.27183 
 1344 25.2735 -12.6842 -1.9057 
 1345 25.2631 -12.6742 -1.54302 
 1346 25.2531 -12.6742 -1.19158 
 1347 25.2631 -12.6742 -0.848894 
 1348 25.2531 -12.6642 -0.529975 
 1349 25.2531 -12.6642 -0.228373 
 1350 25.2531 -12.6734 0.0729633 
 1351 25.2431 -12.6734 0.385758 
 1352 25.2426 -12.6728 0.710172 
 1353 25.2329 -12.673 1.06428 
 1354 25.2433 -12.683 1.4264 
 1355 25.2329 -12.6831 1.77957 
 1356 25.2433 -12.6829 2.08323 
 1357 25.2433 -12.6829 2.44032 
 1358 25.2431 -12.6933 2.79441 
 1359 25.2431 -12.6829 -3.12651 
 1360 25.2533 -12.6833 -2.77409 
 1361 25.2533 -12.6833 -2.41454 
 1362 25.2533 -12.6733 -2.05712 
 1363 25.2533 -12.6733 -1.69998 
 1364 25.2633 -12.6733 -1.34331 
 1365 25.2533 -12.6733 -0.990036 
 1366 25.2533 -12.6633 -0.689769 
 1367 25.2533 -12.6633 -0.386229 
 1368 25.2433 -12.6733 -0.0721341 
 1369 25.2334 -12.6637 0.25886 
 1370 25.2334 -12.6637 0.628166 
 1371 25.2337 -12.6739 0.984905 
 1372 25.2529 -12.6937 1.33631 
 1373 25.2337 -12.6836 1.69934 
 1374 25.2337 -12.6836 2.0583 
 1375 25.2437 -12.6836 2.41642 
 1376 25.2336 -12.684 2.76889 
 1377 25.2436 -12.684 3.12758 
 1378 25.2536 -12.684 -2.79835 
 1379 25.2536 -12.674 -2.4403 
 1380 25.2536 -12.674 -2.08248 
 1381 25.2536 -12.674 -1.72593 
 1382 25.2536 -12.674 -1.36757 
 1383 25.2536 -12.664 -1.01078 
 1384 25.2433 -12.6643 -0.666672 
 1385 25.2433 -12.6643 -0.350995 
 1386 25.2433 -12.6643 -0.0346052 
 1387 25.2431 -12.6735 0.293001 
 1388 25.2328 -12.6632 0.635044 
 1389 25.2328 -12.6732 0.942198 
 1390 25.2328 -12.6732 1.29874 
 1391 25.2328 -12.6832 1.65501 
 1392 25.2328 -12.6832 2.01227 
 1393 25.2431 -12.6829 2.31597 
 1394 25.233 -12.6833 2.6696 
 1395 25.243 -12.6833 3.0298 
 1396 25.243 -12.6733 -2.89445 
 1397 25.243 -12.6733 -2.26771 
 1398 25.2533 -12.6734 -1.91495 
 1399 25.2533 -12.6734 -1.55702 
 1400 25.2533 -12.6634 -1.19986 
 1401 25.2533 -12.6634 -0.841792 
 1402 25.2433 -12.6634 -0.49644 
 1403 25.2433 -12.6634 -0.174496 
 1404 25.2333 -12.6634 0.135701 
 1405 25.2337 -12.6641 0.467517 
 1406 25.2337 -12.6741 0.844386 
 1407 25.2337 -12.6741 1.1482 
 1408 25.2337 -12.6841 1.50715 
 1409 25.2337 -12.6841 1.86364 
 1410 25.2337 -12.6841 2.22187 
 1411 25.2335 -12.6845 2.57672 
 1412 25.2334 -12.6849 2.93462 
 1413 25.2433 -12.6845 -2.98957 
 1414 25.2433 -12.6745 -2.63256 
 1415 25.2533 -12.6745 -2.00752 
 1416 25.2533 -12.6745 -1.64862 
 1417 25.2433 -12.6645 -1.29166 
 1418 25.2533 -12.6645 -0.935226 
 1419 25.2431 -12.6648 -0.573008 
 1420 25.2331 -12.6648 -0.239907 
 1421 25.2331 -12.6648 0.0689093 
 1422 25.2331 -12.6648 0.372232 
 1423 25.2234 -12.6651 0.677756 
 1424 25.2237 -12.6653 1.09525 
 1425 25.2237 -12.6753 1.45181 
 1426 25.2341 -12.6852 1.81138 
 1427 25.2238 -12.6854 2.16768 
 1428 25.234 -12.6851 2.52844 
 1429 25.2339 -12.6855 2.88389 
 1430 25.2339 -12.6755 -3.04022 
 1431 25.2439 -12.6855 -2.68372 
 1432 25.2339 -12.6755 -2.32436 
 1433 25.2439 -12.6755 -1.70109 
 1434 25.2439 -12.6655 -1.34214 
 1435 25.2439 -12.6655 -0.985283 
 1436 25.2339 -12.6655 -0.628823 
 1437 25.2339 -12.6655 -0.271297 
 1438 25.2339 -12.6655 0.0444384 
 1439 25.2239 -12.6655 0.366267 
 1440 25.2239 -12.6655 0.669813 
 1441 25.2236 -12.6753 0.985549 
 1442 25.2236 -12.6753 1.36194 
 1443 25.224 -12.6852 1.66557 
 1444 25.224 -12.6852 2.01983 
 1445 25.2237 -12.6855 2.37402 
 1446 25.2237 -12.6855 2.72916 
 1447 25.2337 -12.6855 3.08839 
 1448 25.2337 -12.6855 -2.8367 
 1449 25.2437 -12.6755 -2.47892 
 1450 25.2337 -12.6755 -2.12269 
 1451 25.2437 -12.6755 -1.4371 
 1452 25.2437 -12.6655 -1.07976 
 1453 25.2245 -12.6746 -0.73133 
 1454 25.2241 -12.6558 -0.365072 
 1455 25.2341 -12.6662 -0.00842918 
 1456 25.2241 -12.6662 0.293531 
 1457 25.2241 -12.6662 0.598763 
 1458 25.2244 -12.6764 0.914786 
 1459 25.224 -12.6763 1.22387 
 1460 25.224 -12.6863 1.92447 
 1461 25.224 -12.6863 2.25061 
 1462 25.224 -12.6863 2.60815 
 1463 25.234 -12.6863 2.96587 
 1464 25.234 -12.6863 -2.9606 
 1465 25.234 -12.6863 -2.60422 
 1466 25.234 -12.6863 -2.2464 
 1467 25.234 -12.6763 -1.88895 
 1468 25.234 -12.6763 -1.53194 
 1469 25.234 -12.6763 -1.17504 
 1470 25.234 -12.6663 -0.819739 
 1471 25.234 -12.6663 -0.461873 
 1472 25.234 -12.6663 -0.103787 
 1473 25.2241 -12.6767 0.248897 
 1474 25.2241 -12.6767 0.583007 
 1475 25.2138 -12.6664 0.881356 
 1476 25.2242 -12.6765 1.18858 
 1477 25.2242 -12.6865 1.53417 
 1478 25.2242 -12.6865 1.98744 
 1479 25.2242 -12.6965 2.3445 
 1480 25.2242 -12.6865 2.70122 
 1481 25.2241 -12.6969 3.05556 
 1482 25.234 -12.6866 -2.86552 
 1483 25.234 -12.6866 -2.50926 
 1484 25.234 -12.6866 -2.14953 
 1485 25.234 -12.6766 -1.79302 
 1486 25.234 -12.6766 -1.4344 
 1487 25.234 -12.6766 -1.04561 
 1488 25.234 -12.6766 -0.688471 
 1489 25.234 -12.6666 -0.331424 
 1490 25.224 -12.6766 0.0270524 
 1491 25.2139 -12.6662 0.376449 
 1492 25.2141 -12.6765 0.685454 
 1493 25.2141 -12.6765 0.994981 
 1494 25.2145 -12.6866 1.31166 
 1495 25.2341 -12.6966 1.65195 
 1496 25.2244 -12.6963 2.46227 
 1497 25.2244 -12.6963 2.81538 
 1498 25.2244 -12.6959 -3.1071 
 1499 25.2345 -12.6963 -2.75337 
 1500 25.2345 -12.6863 -2.39396 
 1501 25.2445 -12.6863 -2.03613 
 1502 25.2445 -12.6863 -1.67847 
 1503 25.2345 -12.6863 -1.32173 
 1504 25.2342 -12.6765 -0.961896 
 1505 25.2342 -12.6765 -0.606619 
 1506 25.2242 -12.6765 -0.246726 
 1507 25.2242 -12.6765 0.109353 
 1508 25.2242 -12.6765 0.466361 
 1509 25.2139 -12.6762 0.787328 
 1510 25.2142 -12.6764 1.09235 
 1511 25.2146 -12.6865 1.40028 
 1512 25.2335 -12.7067 1.72794 
 1513 25.2142 -12.6963 2.08826 
 1514 25.2336 -12.7069 2.38369 
 1515 25.2241 -12.6958 2.74937 
 1516 25.2241 -12.6958 3.10753 
 1517 25.2342 -12.6962 -2.82363 
 1518 25.2342 -12.6962 -2.4646 
 1519 25.2442 -12.6962 -2.10573 
 1520 25.2342 -12.6862 -1.74909 
 1521 25.2342 -12.6862 -1.39108 
 1522 25.2342 -12.6762 -0.681254 
 1523 25.2242 -12.6762 -0.322134 
 1524 25.2242 -12.6762 0.0351871 
 1525 25.2244 -12.6865 0.39672 
 1526 25.2241 -12.6862 0.749643 
 1527 25.2141 -12.6862 1.06093 
 1528 25.2141 -12.6862 1.37889 
 1529 25.2245 -12.6962 1.69667 
 1530 25.2148 -12.706 2.03353 
 1531 25.2248 -12.706 2.49572 
 1532 25.2248 -12.696 2.85168 
 1533 25.2248 -12.706 -3.13148 
 1534 25.2348 -12.706 -2.77475 
 1535 25.2248 -12.696 -2.41686 
 1536 25.2259 -12.6866 -2.07097 
 1537 25.2447 -12.6964 -1.70206 
 1538 25.2347 -12.6864 -1.34616 
 1539 25.2347 -12.6864 -0.991808 
 1540 25.2347 -12.6864 -0.605964 
 1541 25.2247 -12.6864 -0.246448 
 1542 25.2247 -12.6868 0.11364 
 1543 25.2146 -12.6864 0.468288 
 1544 25.2248 -12.6967 0.773732 
 1545 25.2148 -12.6867 1.11077 
 1546 25.2148 -12.6967 1.43456 
 1547 25.2152 -12.7067 1.74552 
 1548 25.2252 -12.7067 2.05723 
 1549 25.225 -12.707 2.50728 
 1550 25.2249 -12.7074 2.80396 
 1551 25.2249 -12.707 -3.11697 
 1552 25.235 -12.7073 -2.76413 
 1553 25.235 -12.7073 -2.40565 
 1554 25.2347 -12.6972 -2.04339 
 1555 25.2347 -12.6972 -1.68665 
 1556 25.2347 -12.6972 -1.32876 
 1557 25.2347 -12.6872 -0.97 
 1558 25.2247 -12.6872 -0.612201 
 1559 25.2247 -12.6872 -0.256594 
 1560 25.2247 -12.6872 0.0999783 
 1561 25.2247 -12.6872 0.457753 
 1562 25.2249 -12.6974 0.761547 
 1563 25.2249 -12.6974 1.11721 
 1564 25.2145 -12.6974 1.43659 
 1565 25.2149 -12.7073 1.77078 
 1566 25.2253 -12.7071 2.08719 
 1567 25.2255 -12.7068 2.43398 
 1568 25.2255 -12.7068 2.87096 
 1569 25.2257 -12.6884 -3.06802 
 1570 25.235 -12.707 -2.69716 
 1571 25.225 -12.707 -2.33815 
 1572 25.235 -12.707 -1.97903 
 1573 25.235 -12.697 -1.62323 
 1574 25.235 -12.697 -1.26558 
 1575 25.235 -12.697 -0.90887 
 1576 25.235 -12.687 -0.607878 
 1577 25.225 -12.697 -0.279024 
 1578 25.225 -12.6866 0.0444811 
 1579 25.2251 -12.6969 0.348153 
 1580 25.2148 -12.6866 0.700469 
 1581 25.2152 -12.6968 1.06255 
 1582 25.2256 -12.7069 1.4202 
 1583 25.2152 -12.707 1.72683 
 1584 25.2252 -12.707 2.03914 
 1585 25.2252 -12.717 2.34587 
 1586 25.2248 -12.7077 2.64992 
 1587 25.2348 -12.7177 3.05521 
 1588 25.2348 -12.7077 -2.87214 
 1589 25.2348 -12.7077 -2.51501 
 1590 25.2348 -12.7077 -2.15736 
 1591 25.2348 -12.7077 -1.79948 
 1592 25.2448 -12.6977 -1.44474 
 1593 25.2448 -12.6977 -1.08548 
 1594 25.2348 -12.6977 -0.727762 
 1595 25.2348 -12.6977 -0.370716 
 1596 25.2248 -12.6977 0.434942 
 1597 25.2248 -12.6977 0.792297 
 1598 25.2248 -12.7077 1.09549 
 1599 25.2144 -12.6976 1.44646 
 1600 25.2148 -12.7075 1.78537 
 1601 25.2252 -12.7173 2.10186 
 1602 25.2252 -12.7173 2.41309 
 1603 25.2352 -12.7073 2.72911 
 1604 25.2352 -12.7173 -2.81434 
 1605 25.2352 -12.7073 -2.45968 
 1606 25.2452 -12.7073 -2.10181 
 1607 25.2452 -12.7073 -1.74789 
 1608 25.2452 -12.6973 -1.38906 
 1609 25.2352 -12.6973 -1.03128 
 1610 25.2352 -12.6973 -0.672695 
 1611 25.2352 -12.6973 -0.315766 
 1612 25.2252 -12.6973 0.458923 
 1613 25.2149 -12.697 0.812473 
 1614 25.2252 -12.6972 1.11601 
 1615 25.2252 -12.7072 1.47141 
 1616 25.2252 -12.7072 1.82558 
 1617 25.2256 -12.717 2.13197 
 1618 25.2253 -12.7073 2.43632 
 1619 25.2253 -12.7173 2.75224 
 1620 25.2352 -12.7081 3.05307 
 1621 25.2452 -12.7181 -2.47254 
 1622 25.2452 -12.7081 -2.14826 
 1623 25.2452 -12.7081 -1.79116 
 1624 25.2452 -12.7081 -1.49075 
 1625 25.2452 -12.6981 -1.13545 
 1626 25.2452 -12.6981 -0.77713 
 1627 25.2256 -12.6974 -0.427613 
 1628 25.2255 -12.6982 -0.0629159 
 1629 25.2255 -12.6982 0.740398 
 1630 25.2359 -12.7084 1.10189 
 1631 25.2255 -12.7083 1.45527 
 1632 25.2255 -12.7083 1.81471 
 1633 25.2358 -12.7181 2.15768 
 1634 25.2356 -12.7184 2.47543 
 1635 25.2354 -12.7188 2.77428 
 1636 25.2355 -12.718 3.09817 
 1637 25.2453 -12.7176 -2.80333 
 1638 25.2453 -12.7176 -2.5006 
 1639 25.2553 -12.7076 -2.14423 
 1640 25.2453 -12.7076 -1.78745 
 1641 25.2553 -12.7076 -1.42898 
 1642 25.2553 -12.6976 -1.07213 
 1643 25.2453 -12.6976 -0.714795 
 1644 25.2453 -12.6976 -0.357057 
 1645 25.2353 -12.6976 -0.0567705 
 1646 25.2356 -12.7079 0.750995 
 1647 25.2356 -12.7079 1.10847 
 1648 25.2356 -12.7079 1.46478 
 1649 25.2252 -12.708 1.81912 
 1650 25.2355 -12.7178 2.1778 
 1651 25.2353 -12.7181 2.48934 
 1652 25.2353 -12.7181 2.804 
 1653 25.2453 -12.7181 3.11437 
 1654 25.2454 -12.7185 -2.87019 
 1655 25.2554 -12.7085 -2.08512 
 1656 25.2554 -12.7085 -1.72748 
 1657 25.2554 -12.7085 -1.36817 
 1658 25.2554 -12.7085 -1.00996 
 1659 25.2452 -12.6988 -0.649198 
 1660 25.2452 -12.6988 -0.292893 
 1661 25.2351 -12.6984 0.0606798 
 1662 25.2351 -12.6984 0.416518 
 1663 25.2345 -12.7179 0.827269 
 1664 25.2353 -12.6982 1.1905 
 1665 25.2353 -12.7082 1.49083 
 1666 25.2357 -12.7181 1.8501 
 1667 25.2457 -12.7181 2.2066 
 1668 25.2354 -12.7184 2.53988 
 1669 25.2454 -12.7184 2.85174 
 1670 25.2454 -12.7184 -3.11302 
 1671 25.2557 -12.7191 -2.79331 
 1672 25.2557 -12.7091 -2.05131 
 1673 25.2557 -12.7091 -1.69523 
 1674 25.2557 -12.7091 -1.39514 
 1675 25.2557 -12.6991 -1.03871 
 1676 25.2557 -12.6991 -0.680326 
 1677 25.2457 -12.6991 -0.321612 
 1678 25.2457 -12.6991 0.0356322 
 1679 25.2356 -12.6988 0.391186 
 1680 25.2359 -12.7089 1.22889 
 1681 25.2359 -12.7089 1.58642 
 1682 25.2463 -12.7188 1.94821 
 1683 25.2463 -12.7188 2.3038 
 1684 25.2461 -12.7191 2.64434 
 1685 25.2461 -12.7191 2.98235 
 1686 25.2461 -12.7191 -2.97749 
 1687 25.2561 -12.7191 -2.67637 
 1688 25.2573 -12.7102 -2.33397 
 1689 25.2673 -12.7102 -1.87749 
 1690 25.2573 -12.7102 -1.51828 
 1691 25.2673 -12.7002 -1.16135 
 1692 25.2573 -12.7002 -0.802299 
 1693 25.2573 -12.7002 -0.443772 
 1694 25.2473 -12.7002 -0.0870023 
 1695 25.2471 -12.6994 0.263601 
 1696 25.2476 -12.7001 0.629417 
 1697 25.2479 -12.7103 0.990279 
 1698 25.2375 -12.7102 1.43305 
 1699 25.2479 -12.7202 1.79592 
 1700 25.2479 -12.7202 2.15388 
 1701 25.2476 -12.7105 2.50775 
 1702 25.2476 -12.7205 2.85241 
 1703 25.2576 -12.7101 -3.09688 
 1704 25.2576 -12.7201 -2.77797 
 1705 25.2576 -12.7101 -2.47314 
 1706 25.2669 -12.7097 -2.1273 
 1707 25.2669 -12.7097 -1.69999 
 1708 25.2669 -12.6997 -1.37291 
 1709 25.2669 -12.6997 -1.01424 
 1710 25.2569 -12.6997 -0.656789 
 1711 25.2569 -12.6997 -0.299619 
 1712 25.257 -12.7001 0.0603316 
 1713 25.2468 -12.6997 0.415292 
 1714 25.2468 -12.6997 0.773185 
 1715 25.2472 -12.7099 1.13338 
 1716 25.2472 -12.7199 1.61041 
 1717 25.2468 -12.71 1.96522 
 1718 25.2468 -12.71 2.32332 
 1719 25.2468 -12.72 2.67946 
 1720 25.2568 -12.7096 3.03083 
 1721 25.2569 -12.71 -2.91251 
 1722 25.2569 -12.71 -2.61199 
 1723 25.2569 -12.71 -2.30081 
 1724 25.2577 -12.7003 -1.98405 
 1725 25.2677 -12.7003 -1.4969 
 1726 25.2577 -12.7003 -1.14371 
 1727 25.2577 -12.7003 -0.784318 
 1728 25.2577 -12.7003 -0.427685 
 1729 25.2579 -12.6987 -0.128039 
 1730 25.238 -12.6895 0.222946 
 1731 25.2483 -12.6999 0.583197 
 1732 25.2486 -12.7001 0.946632 
 1733 25.2486 -12.7101 1.30289 
 1734 25.2486 -12.7201 2.19674 
 1735 25.2483 -12.7104 2.49331 
 1736 25.2585 -12.71 2.853 
 1737 25.2585 -12.7204 -3.08098 
 1738 25.2585 -12.7104 -2.78045 
 1739 25.2585 -12.7104 -2.47685 
 1740 25.2688 -12.7107 -2.17589 
 1741 25.268 -12.7004 -1.83555 
 1742 25.258 -12.7004 -1.37547 
 1743 25.268 -12.7004 -1.01789 
 1744 25.258 -12.6904 -0.660217 
 1745 25.258 -12.7004 -0.300556 
 1746 25.248 -12.69 0.0504164 
 1747 25.248 -12.69 0.409628 
 1748 25.248 -12.69 0.767731 
 1749 25.248 -12.7 1.12508 
 1750 25.2484 -12.7101 1.48721 
 1751 25.2675 -12.7209 2.27985 
 1752 25.2479 -12.7102 2.61642 
 1753 25.2579 -12.7202 2.9748 
 1754 25.2579 -12.7102 -2.95267 
 1755 25.2679 -12.7102 -2.63811 
 1756 25.2579 -12.7002 -2.31813 
 1757 25.2683 -12.7003 -2.0181 
 1758 25.2679 -12.7003 -1.69801 
 1759 25.2579 -12.6903 -0.794946 
 1760 25.2679 -12.6903 -0.438818 
 1761 25.2579 -12.6903 -0.0809264 
 1762 25.2478 -12.6899 0.274713 
 1763 25.258 -12.6902 0.633059 
 1764 25.2477 -12.69 0.988159 
 1765 25.2481 -12.7001 1.34814 
 1766 25.2584 -12.7099 2.21743 
 1767 25.2582 -12.7102 2.57053 
 1768 25.2582 -12.7102 2.9283 
 1769 25.2582 -12.7002 -2.99858 
 1770 25.2682 -12.7102 -2.65088 
 1771 25.2691 -12.701 -2.31994 
 1772 25.268 -12.7005 -2.00386 
 1773 25.268 -12.6905 -1.68879 
 1774 25.2687 -12.6903 -1.33901 
 1775 25.2687 -12.6803 -0.854147 
 1776 25.2587 -12.6803 -0.496863 
 1777 25.2587 -12.6803 -0.138024 
 1778 25.2487 -12.6799 0.214958 
 1779 25.2489 -12.6903 0.577552 
 1780 25.2489 -12.6903 0.935269 
 1781 25.2489 -12.6903 1.29303 
 1782 25.2489 -12.6903 1.64973 
 1783 25.2592 -12.7001 2.007 
 1784 25.259 -12.7004 2.53949 
 1785 25.259 -12.7004 2.89701 
 1786 25.259 -12.7004 -3.02818 
 1787 25.269 -12.7004 -2.728 
 1788 25.269 -12.6904 -2.38688 
 1789 25.2687 -12.6902 -2.05655 
 1790 25.2687 -12.6902 -1.74442 
 1791 25.2687 -12.6902 -1.43719 
 1792 25.2589 -12.6799 -0.661573 
 1793 25.2589 -12.6799 -0.335398 
 1794 25.2789 -12.6783 0.0100704 
 1795 25.239 -12.6687 0.370491 
 1796 25.2393 -12.679 0.730358 
 1797 25.2496 -12.6792 1.09275 
 1798 25.2496 -12.6892 1.45146 
 1799 25.2496 -12.6892 1.80915 
 1800 25.2596 -12.6992 2.7041 
 1801 25.2597 -12.6988 3.06331 
 1802 25.2597 -12.6888 -2.86354 
 1803 25.2699 -12.6991 -2.5669 
 1804 25.2696 -12.6889 -2.21487 
 1805 25.2696 -12.6889 -1.87668 
 1806 25.27 -12.6889 -1.57409 
 1807 25.2696 -12.679 -1.26988 
 1808 25.2696 -12.679 -0.922689 
 1809 25.2596 -12.679 -0.40361 
 1810 25.2596 -12.679 -0.0455037 
 1811 25.2596 -12.679 0.310897 
 1812 25.2493 -12.6787 0.664551 
 1813 25.2493 -12.6787 1.02302 
 1814 25.2497 -12.6887 1.38371 
 1815 25.2601 -12.6887 1.74325 
 1816 25.2601 -12.6987 2.10118 
 1817 25.26 -12.6891 2.90263 
 1818 25.27 -12.6991 -3.05203 
 1819 25.26 -12.6891 -2.69336 
 1820 25.27 -12.6891 -2.33602 
 1821 25.27 -12.6891 -1.98981 
 1822 25.27 -12.6791 -1.65778 
 1823 25.27 -12.6791 -1.3346 
 1824 25.2704 -12.6789 -1.02318 
 1825 25.2604 -12.6789 -0.610712 
 1826 25.2604 -12.6789 -0.308195 
 1827 25.2604 -12.6685 0.0441473 
 1828 25.2504 -12.6785 0.400388 
 1829 25.2606 -12.6787 0.76109 
 1830 25.2503 -12.6786 1.11564 
 1831 25.2503 -12.6886 1.47464 
 1832 25.2607 -12.6885 1.83549 
 1833 25.2594 -12.6894 2.17851 
 1834 25.2599 -12.6983 2.69392 
 1835 25.2599 -12.6883 3.04964 
 1836 25.2699 -12.6983 -2.87419 
 1837 25.2699 -12.6883 -2.51606 
 1838 25.2699 -12.6883 -2.15948 
 1839 25.2695 -12.6782 -1.80535 
 1840 25.2695 -12.6782 -1.47315 
 1841 25.2695 -12.6782 -1.16967 
 1842 25.2695 -12.6782 -0.86645 
