 0 0 0 7.63605e-05 
 1 0.289236 -0.0531721 -0.181261 
 2 0.582358 -0.12567 -0.241822 
 3 0.772573 -0.223333 -0.567408 
 4 0.813602 -0.303423 -0.874892 
 5 0.843726 -0.424371 -1.20217 
 6 0.831197 -0.630775 -1.51096 
 7 0.833594 -0.930847 -1.55259 
 8 0.767935 -1.22267 -1.84818 
 9 0.722645 -1.33376 -2.18868 
 10 0.483745 -1.52948 -2.44233 
 11 0.245641 -1.729 -2.4295 
 12 0.181 -1.7335 -2.75264 
 13 0.105336 -1.71612 -3.05478 
 14 0.0491302 -1.68002 2.9263 
 15 -0.00249275 -1.60757 2.57244 
 16 -0.0398455 -1.52435 2.23183 
 17 -0.0561835 -1.42422 1.9151 
 18 -0.0314283 -1.24292 1.60352 
 19 -0.019973 -0.933846 1.63315 
 20 -0.122047 -0.812727 1.90689 
 21 -0.257707 -0.65131 2.22926 
 22 -0.466359 -0.434496 2.33382 
 23 -0.684078 -0.255536 2.62033 
 24 -0.763678 -0.264399 2.95535 
 25 -0.847971 -0.298369 -2.99055 
 26 -0.939823 -0.364194 -2.66816 
 27 -1.07084 -0.51444 -2.35299 
 28 -1.26886 -0.739939 -2.31075 
 29 -1.51201 -0.915754 -2.55435 
 30 -1.77945 -1.05228 -2.67814 
 31 -2.04917 -1.18499 -2.68535 
 32 -2.31879 -1.32991 -2.63506 
 33 -2.55796 -1.52272 -2.44442 
 34 -2.67019 -1.57943 -2.73725 
 35 -2.73113 -1.54636 -3.04317 
 36 -2.72927 -1.52161 2.93276 
 37 -2.72696 -1.48899 2.62842 
 38 -2.70501 -1.46117 2.31903 
 39 -2.67436 -1.44076 2.02189 
 40 -2.65149 -1.42056 1.71798 
 41 -2.61706 -1.42067 1.42096 
 42 -2.58418 -1.43084 1.12052 
 43 -2.54578 -1.45028 0.820127 
 44 -2.53441 -1.46726 0.519741 
 45 -2.51167 -1.50082 0.206326 
 46 -2.50311 -1.53498 -0.0940423 
 47 -2.49946 -1.57087 -0.394803 
 48 -2.49749 -1.60585 -0.695492 
 49 -2.51269 -1.64066 -0.996285 
 50 -2.52806 -1.68724 -1.29764 
 51 -2.56291 -1.73973 -1.65691 
 52 -2.60673 -1.76247 -1.98871 
 53 -2.65844 -1.77476 -2.31793 
 54 -2.71066 -1.77236 -2.63294 
 55 -2.7687 -1.75235 -2.94948 
 56 -2.81519 -1.71765 3.01089 
 57 -2.86842 -1.66963 2.70514 
 58 -2.85242 -1.63691 2.39398 
 59 -2.83525 -1.61531 2.09101 
 60 -2.77977 -1.60216 1.77796 
 61 -2.76024 -1.5908 1.42881 
 62 -2.73586 -1.6014 1.12164 
 63 -2.69744 -1.62082 0.824741 
 64 -2.67595 -1.64769 0.527845 
 65 -2.66326 -1.67969 0.223933 
 66 -2.64072 -1.70402 -0.0800583 
 67 -2.64726 -1.738 -0.380541 
 68 -2.63393 -1.77561 -0.721328 
 69 -2.69926 -1.82281 -1.02275 
 70 -2.7133 -1.8267 -1.35082 
 71 -2.74816 -1.82906 -1.66274 
 72 -2.78337 -1.82005 -1.9871 
 73 -2.82677 -1.82241 -2.29439 
 74 -2.86394 -1.81809 -2.60372 
 75 -2.88012 -1.80302 -2.92762 
 76 -2.92624 -1.74894 3.03752 
 77 -2.93174 -1.71104 2.73028 
 78 -2.94422 -1.66556 2.41135 
 79 -2.99376 -1.65845 2.71121 
 80 -3.00574 -1.69187 3.01434 
 81 -3.02211 -1.72864 -2.94974 
 82 -3.01042 -1.76134 -2.64654 
 83 -3.00082 -1.79944 -2.33613 
 84 -3.21244 -1.97506 -2.62662 
 85 -3.30896 -1.97249 -2.96008 
 86 -3.41686 -1.9308 3.01167 
 87 -3.53598 -1.85459 2.68951 
 88 -3.8233 -1.77874 2.9196 
 89 -4.12445 -1.78504 -3.08614 
 90 -4.42807 -1.83856 -2.95356 
 91 -4.72939 -1.91443 -2.88775 
 92 -5.0187 -1.99381 -2.87894 
 93 -5.32303 -2.05923 -2.94636 
 94 -5.63057 -2.09807 -3.01504 
 95 -5.92971 -2.14009 -2.99856 
 96 -6.23838 -2.18536 -3.00596 
 97 -6.53652 -2.2189 -3.02571 
 98 -6.84454 -2.26843 -2.96772 
 99 -7.15163 -2.32335 -2.97985 
 100 -7.44877 -2.36483 -2.99706 
 101 -7.75483 -2.41826 -2.96551 
 102 -8.06259 -2.46896 -3.00259 
 103 -8.37166 -2.49333 -3.06035 
 104 -8.66893 -2.53383 -2.99739 
 105 -8.96445 -2.58557 -2.97348 
 106 -9.25993 -2.63744 -2.96511 
 107 -9.55359 -2.69886 -2.93329 
 108 -9.85863 -2.74995 -2.99685 
 109 -10.1573 -2.77834 -3.04372 
 110 -10.4682 -2.82393 -2.98444 
 111 -10.7665 -2.86131 -3.03605 
 112 -11.0664 -2.87103 -3.12127 
 113 -11.3604 -2.86011 3.10715 
 114 -11.6628 -2.9124 -2.90424 
 115 -11.9376 -3.04736 -2.71155 
 116 -12.2287 -3.15266 -2.81507 
 117 -12.5423 -3.21945 -2.92389 
 118 -12.832 -3.30379 -2.83334 
 119 -13.1057 -3.42725 -2.71152 
 120 -13.362 -3.56547 -2.65848 
 121 -13.6413 -3.70099 -2.70582 
 122 -13.9271 -3.81999 -2.75533 
 123 -14.2006 -3.91829 -2.80527 
 124 -14.4926 -4.02819 -2.77378 
 125 -14.7935 -4.13712 -2.78899 
 126 -15.0901 -4.22978 -2.84324 
 127 -15.3674 -4.31619 -2.85041 
 128 -15.6653 -4.40055 -2.85758 
 129 -15.9552 -4.47773 -2.88038 
 130 -16.2544 -4.5615 -2.86346 
 131 -16.5516 -4.64724 -2.86396 
 132 -16.8506 -4.72769 -2.87113 
 133 -17.1487 -4.81048 -2.87072 
 134 -17.4376 -4.89123 -2.87009 
 135 -17.7271 -4.96991 -2.87726 
 136 -18.028 -5.05245 -2.86669 
 137 -18.3167 -5.13414 -2.86853 
 138 -18.6161 -5.21327 -2.8757 
 139 -18.9247 -5.29399 -2.87529 
 140 -19.225 -5.37857 -2.86717 
 141 -19.5149 -5.45579 -2.88214 
 142 -19.6713 -5.4666 3.09649 
 143 -19.8027 -5.40836 2.79538 
 144 -19.9536 -5.28136 2.46923 
 145 -20.1893 -5.09871 2.51528 
 146 -20.4562 -4.95088 2.67416 
 147 -20.7365 -4.82984 2.69995 
 148 -21.0141 -4.69026 2.66491 
 149 -21.2567 -4.60021 2.95281 
 150 -21.248 -4.61461 -3.02638 
 151 -21.239 -4.64783 -2.72594 
 152 -21.2206 -4.67688 -2.42555 
 153 -21.1943 -4.68917 -2.12167 
 154 -21.1626 -4.7026 -1.82126 
 155 -21.1284 -4.69604 -1.52077 
 156 -21.1047 -4.68919 -1.22031 
 157 -21.0645 -4.67267 -0.919907 
 158 -21.0505 -4.64796 -0.619526 
 159 -21.0449 -4.61726 -0.319122 
 160 -21.0392 -4.58333 -0.0151583 
 161 -21.0338 -4.55922 0.285326 
 162 -21.0383 -4.52801 0.582247 
 163 -21.0713 -4.50242 0.882629 
 164 -21.1109 -4.48479 1.17953 
 165 -21.1343 -4.48657 1.47998 
 166 -21.1826 -4.48952 1.81534 
 167 -21.2059 -4.51372 2.13517 
 168 -21.2327 -4.5372 2.44959 
 169 -21.4723 -4.33436 2.45816 
 170 -21.6923 -4.14037 2.37778 
 171 -21.9123 -3.92653 2.36686 
 172 -22.0871 -3.68273 2.15664 
 173 -22.2043 -3.39578 1.94245 
 174 -22.3037 -3.10175 1.90125 
 175 -22.3976 -2.81435 1.86897 
 176 -22.4421 -2.51208 1.70428 
 177 -22.4703 -2.20335 1.67242 
 178 -22.4457 -1.89385 1.50357 
 179 -22.4374 -1.5938 1.54323 
 180 -22.4317 -1.29385 1.54806 
 181 -22.4245 -0.990778 1.54861 
 182 -22.4078 -0.681024 1.49227 
 183 -22.3356 -0.368702 1.34426 
 184 -22.3328 -0.0875017 1.64243 
 185 -22.4043 0.206021 1.81157 
 186 -22.5005 0.490397 1.8999 
 187 -22.5957 0.774889 1.89273 
 188 -22.6776 1.07584 1.81223 
 189 -22.7279 1.37165 1.72702 
 190 -22.7633 1.68893 1.68906 
 191 -22.7655 1.97693 1.46771 
 192 -22.6715 2.29485 1.29079 
 193 -22.5904 2.59006 1.31881 
 194 -22.5481 2.89242 1.45938 
 195 -22.5333 3.19191 1.53483 
 196 -22.5306 3.49153 1.55812 
 197 -22.5285 3.80264 1.56633 
 198 -22.528 4.11183 1.56703 
 199 -22.5275 4.4113 1.56773 
 200 -22.5272 4.71126 1.57227 
 201 -22.5274 5.02124 1.569 
 202 -22.525 5.31121 1.56184 
 203 -22.5217 5.61118 1.56247 
 204 -22.5215 5.92316 1.57411 
 205 -22.524 6.22314 1.57901 
 206 -22.5246 6.53313 1.57185 
 207 -22.5231 6.83312 1.56468 
 208 -22.5194 7.13309 1.55752 
 209 -22.5534 7.39996 1.87002 
 210 -22.5844 7.38501 2.17043 
 211 -22.5996 7.36156 2.47082 
 212 -22.6167 7.3317 2.77121 
 213 -22.6242 7.29811 3.07167 
 214 -22.6115 7.26381 -2.91103 
 215 -22.5987 7.23187 -2.61062 
 216 -22.577 7.20515 -2.31024 
 217 -22.5484 7.18604 -2.00986 
 218 -22.5154 7.18627 -1.70943 
 219 -22.481 7.18669 -1.40893 
 220 -22.4482 7.19723 -1.10849 
 221 -22.4201 7.227 -0.808095 
 222 -22.399 7.25421 -0.507706 
 223 -22.397 7.27643 -0.207278 
 224 -22.395 7.3208 0.0932229 
 225 -22.4033 7.3542 0.393676 
 226 -22.4342 7.37721 0.735188 
 227 -22.4634 7.40044 1.06432 
 228 -22.4982 7.40297 1.39148 
 229 -22.5337 7.40383 1.70468 
 230 -22.5781 7.37352 1.99057 
 231 -22.5871 7.37496 2.29794 
 232 -22.6091 7.34849 2.59833 
 233 -22.6223 7.3167 2.89874 
 234 -22.6155 7.28243 -3.08394 
 235 -22.6084 7.24876 -2.78349 
 236 -22.5916 7.2187 -2.48309 
 237 -22.5567 7.19496 -2.18271 
 238 -22.5259 7.18964 -1.88231 
 239 -22.4919 7.18413 -1.58185 
 240 -22.4679 7.1989 -1.27788 
 241 -22.4368 7.21365 -0.977468 
 242 -22.4114 7.23693 -0.680574 
 243 -22.394 7.27161 -0.380174 
 244 -22.3962 7.2951 -0.0797166 
 245 -22.3986 7.32944 0.220791 
 246 -22.4111 7.36152 0.521216 
 247 -22.4464 7.38196 0.867538 
 248 -22.4791 7.40143 1.20363 
 249 -22.5137 7.40889 1.51566 
 250 -22.5487 7.40544 1.82607 
 251 -22.6015 7.36105 2.11153 
 252 -22.6081 7.35913 2.41889 
 253 -22.6167 7.3302 2.71929 
 254 -22.626 7.29705 3.01973 
 255 -22.615 7.26266 -2.96296 
 256 -22.5939 7.2301 -2.66253 
 257 -22.5736 7.2023 -2.36215 
 258 -22.546 7.18173 -2.06178 
 259 -22.5136 7.18025 -1.76136 
 260 -22.4792 7.17887 -1.46086 
 261 -22.456 7.19771 -1.15692 
 262 -22.4169 7.2061 -0.860014 
 263 -22.4044 7.24218 -0.556137 
 264 -22.3909 7.28379 -0.255719 
 265 -22.3972 7.30801 0.044778 
 266 -22.4039 7.34178 0.341763 
 267 -22.4302 7.3721 0.642168 
 268 -22.4594 7.38956 0.993098 
 269 -22.4953 7.40502 1.33785 
 270 -22.5318 7.40769 1.66114 
 271 -22.5668 7.38885 1.97957 
 272 -22.6194 7.34752 2.29544 
 273 -22.6115 7.34113 2.6028 
 274 -22.6245 7.30928 2.89973 
 275 -22.6176 7.27501 -3.08298 
 276 -22.6105 7.24135 -2.77903 
 277 -22.5836 7.21137 -2.47863 
 278 -22.5586 7.19773 -2.17826 
 279 -22.5277 7.18254 -1.87785 
 280 -22.4937 7.17718 -1.57738 
 281 -22.4597 7.19211 -1.2769 
 282 -22.4386 7.20689 -0.973 
 283 -22.4134 7.24028 -0.676107 
 284 -22.3961 7.26004 -0.375707 
 285 -22.3884 7.28358 -0.0752488 
 286 -22.401 7.3279 0.225242 
 287 -22.4138 7.35021 0.52867 
 288 -22.4454 7.38699 0.825568 
 289 -22.479 7.39855 1.17795 
 290 -22.5167 7.40713 1.51934 
 291 -22.5524 7.40334 1.83686 
 292 -22.5848 7.38885 2.14993 
 293 -22.6142 7.32112 2.47526 
 294 -22.6212 7.31119 2.78265 
 295 -22.6183 7.28751 3.08312 
 296 -22.6152 7.25326 -2.89959 
 297 -22.592 7.22148 -2.59918 
 298 -22.57 7.19501 -2.29881 
 299 -22.5412 7.19623 -1.99493 
 300 -22.5081 7.18693 -1.6945 
 301 -22.4737 7.18786 -1.394 
 302 -22.4411 7.18891 -1.09357 
 303 -22.4232 7.2191 -0.793184 
 304 -22.4026 7.25662 -0.492794 
 305 -22.391 7.27903 -0.192365 
 306 -22.3996 7.30341 0.108144 
 307 -22.4084 7.34669 0.405104 
 308 -22.4265 7.36593 0.708991 
 309 -22.4626 7.3984 1.00589 
 310 -22.4993 7.40355 1.35659 
 311 -22.5376 7.39534 1.69141 
 312 -22.5718 7.38563 2.0059 
 313 -22.6013 7.36589 2.3191 
 314 -22.603 7.35856 2.6132 
 315 -22.6257 7.30657 2.91013 
 316 -22.6185 7.27227 -3.07605 
 317 -22.6011 7.23866 -2.7721 
 318 -22.584 7.20879 -2.47171 
 319 -22.5589 7.19532 -2.17133 
 320 -22.5279 7.18035 -1.87093 
 321 -22.4939 7.18522 -1.57045 
 322 -22.4598 7.18038 -1.26997 
 323 -22.4288 7.20538 -0.969564 
 324 -22.4137 7.21886 -0.665691 
 325 -22.3967 7.25879 -0.365291 
 326 -22.3894 7.30241 -0.0683207 
 327 -22.4022 7.32672 0.235667 
 328 -22.4152 7.3586 0.5326 
 329 -22.4469 7.37529 0.829498 
 330 -22.4755 7.40446 1.13338 
 331 -22.5143 7.40487 1.48515 
 332 -22.5533 7.39152 1.82718 
 333 -22.587 7.3666 2.15228 
 334 -22.6126 7.34356 2.45654 
 335 -22.8438 7.45088 2.75553 
 336 -23.1468 7.50532 2.99388 
 337 -23.4363 7.52131 3.06322 
 338 -23.7458 7.54435 3.07145 
 339 -24.065 7.56531 3.07969 
 340 -24.3699 7.57265 3.12264 
 341 -24.5538 7.51085 -2.8285 
 342 -24.8435 7.36908 -2.70599 
 343 -25.1328 7.2526 -2.77673 
 344 -25.4242 7.17704 -2.89552 
 345 -25.7269 7.12474 -2.98395 
 346 -26.0308 7.09934 -3.07094 
 347 -26.3305 7.08602 -3.09763 
 348 -26.641 7.07427 -3.105 
 349 -26.9503 7.06022 -3.09675 
 350 -27.2505 7.04857 -3.10389 
 351 -27.5615 7.03875 -3.11128 
 352 -27.8716 7.03376 -3.13427 
 353 -28.1763 7.03338 -3.14154 
 354 -28.483 7.03518 3.13433 
 355 -28.783 7.0386 3.13153 
 356 -29.0928 7.01626 -3.04418 
 357 -29.3936 6.93989 -2.87334 
 358 -29.6894 6.84617 -2.94579 
 359 -29.9397 6.89105 3.02818 
 360 -30.2359 6.97302 2.86525 
 361 -30.5359 7.04807 2.90857 
 362 -30.8289 7.10523 2.96944 
 363 -31.1267 7.13905 3.04306 
 364 -31.4274 7.15347 3.09581 
 365 -31.7273 7.17689 3.06932 
 366 -32.0177 7.19422 3.09235 
 367 -32.3096 7.20765 3.0874 
 368 -32.6402 7.23026 3.06676 
 369 -32.9155 7.24492 3.10188 
 370 -33.225 7.26164 3.07883 
 371 -33.5345 7.28224 3.07162 
 372 -33.8144 7.29493 3.10336 
 373 -34.1245 7.30268 3.1195 
 374 -34.4253 7.30879 3.1276 
 375 -34.7448 7.31167 3.13574 
 376 -35.0555 7.31306 3.13603 
 377 -35.3555 7.31441 3.13657 
 378 -35.6555 7.31515 3.13708 
 379 -35.9749 7.31475 -3.13794 
 380 -36.2809 7.31552 3.13791 
 381 -36.5916 7.31625 3.13825 
 382 -36.9009 7.31653 3.13864 
 383 -37.2009 7.31922 3.13145 
 384 -37.5009 7.32152 3.13152 
 385 -37.8009 7.32023 -3.13494 
 386 -38.1009 7.32003 3.14106 
 387 -38.4009 7.32201 3.13389 
 388 -38.7009 7.32614 3.12671 
 389 -38.7246 7.29151 -2.87685 
 390 -38.7107 7.25998 -2.57645 
 391 -38.6882 7.24399 -2.27608 
 392 -38.6589 7.22583 -1.9757 
 393 -38.6256 7.21714 -1.67526 
 394 -38.5912 7.22871 -1.37477 
 395 -38.5589 7.24044 -1.0743 
 396 -38.5314 7.26122 -0.773877 
 397 -38.5113 7.2892 -0.473452 
 398 -38.5103 7.32187 -0.172969 
 399 -38.5095 7.3563 0.127552 
 400 -38.519 7.3894 0.42798 
 401 -38.5501 7.42076 0.758397 
 402 -38.5773 7.44191 1.05877 
 403 -38.6095 7.4441 1.35918 
 404 -38.6438 7.4462 1.65967 
 405 -38.6773 7.43805 1.96011 
 406 -38.7105 7.40719 2.30281 
 407 -38.7239 7.37796 2.63346 
 408 -38.736 7.34564 2.93808 
 409 -38.7372 7.32694 -3.02505 
 410 -38.7851 7.253 -2.69996 
 411 -38.8212 7.18599 -2.37381 
 412 -38.8353 7.09929 -2.06335 
 413 -38.8383 6.99186 -1.75344 
 414 -38.8085 6.89189 -1.4475 
 415 -38.717 6.59554 -1.36944 
 416 -38.6889 6.29286 -1.45454 
 417 -38.667 5.98276 -1.501 
 418 -38.6496 5.69118 -1.51601 
 419 -38.6376 5.37416 -1.53603 
 420 -38.6324 5.06707 -1.55416 
 421 -38.6292 4.75893 -1.56153 
 422 -38.6282 4.44288 -1.56885 
 423 -38.6295 4.13484 -1.57624 
 424 -38.6184 3.82696 -1.51624 
 425 -38.5572 3.53398 -1.36818 
 426 -38.495 3.23091 -1.37266 
 427 -38.4435 2.92895 -1.40343 
 428 -38.4756 2.74491 -1.7078 
 429 -38.5895 2.45516 -1.97365 
 430 -38.7244 2.17525 -2.02271 
 431 -38.7541 2.04799 -1.73252 
 432 -38.7161 2.04814 -1.38664 
 433 -38.6816 2.06049 -1.06668 
 434 -38.652 2.08381 -0.734416 
 435 -38.6305 2.13343 -0.437832 
 436 -38.6148 2.16507 -0.101904 
 437 -38.5963 2.20017 0.206561 
 438 -38.5572 2.25684 0.52701 
 439 -38.5347 2.28349 0.846639 
 440 -38.5737 2.30225 1.14706 
 441 -38.6069 2.31163 1.44754 
 442 -38.6414 2.31073 1.74806 
 443 -38.674 2.28966 2.0485 
 444 -38.7019 2.26949 2.34891 
 445 -38.7225 2.24189 2.64928 
 446 -38.734 2.20944 2.9497 
 447 -38.7254 2.17501 -3.03299 
 448 -38.7166 2.14171 -2.73256 
 449 -38.6983 2.11251 -2.43218 
 450 -38.6722 2.10001 -2.13181 
 451 -38.6406 2.08624 -1.83141 
 452 -38.6064 2.08243 -1.53093 
 453 -38.5726 2.09892 -1.23046 
 454 -38.5422 2.11511 -0.930062 
 455 -38.528 2.13955 -0.629688 
 456 -38.5101 2.17622 -0.273131 
 457 -38.5059 2.22165 0.0386246 
 458 -38.5231 2.25747 0.361986 
 459 -38.5409 2.28881 0.678862 
 460 -38.5298 2.29429 0.998933 
 461 -38.5912 2.30845 1.2994 
 462 -38.6254 2.31267 1.59991 
 463 -38.6593 2.29655 1.9004 
 464 -38.69 2.29074 2.20084 
 465 -38.7144 2.25647 2.5012 
 466 -38.7305 2.22605 2.80159 
 467 -38.727 2.19221 3.10204 
 468 -38.7231 2.15795 -2.88065 
 469 -38.7094 2.12638 -2.58374 
 470 -38.687 2.11021 -2.27988 
 471 -38.6578 2.09193 -1.9795 
 472 -38.6245 2.08312 -1.67906 
 473 -38.5901 2.08455 -1.37858 
 474 -38.5576 2.10609 -1.08164 
 475 -38.53 2.12661 -0.781262 
 476 -38.5197 2.15437 -0.477392 
 477 -38.5076 2.19344 -0.119884 
 478 -38.5089 2.23908 0.191521 
 479 -38.5316 2.27386 0.518464 
 480 -38.5531 2.30105 0.824197 
 481 -38.3414 2.50648 0.595055 
 482 -38.0737 2.57698 0.290593 
 483 -37.7702 2.59893 0.0952242 
 484 -37.4659 2.60534 0.0102357 
 485 -37.1724 2.60641 0.00296823 
 486 -36.8677 2.61805 0.067924 
 487 -36.6419 2.71124 0.403974 
 488 -36.3729 2.85402 0.462963 
 489 -36.1003 2.96441 0.358149 
 490 -35.8224 3.06006 0.300506 
 491 -35.5401 3.12272 0.19428 
 492 -35.2515 3.15889 0.10888 
 493 -34.9581 3.17583 0.0548558 
 494 -34.6486 3.18488 0.0293924 
 495 -34.3372 3.18868 0.0142157 
 496 -34.0276 3.19094 0.00688767 
 497 -33.7085 3.19099 -0.000432913 
 498 -33.4166 3.18891 -0.00759537 
 499 -33.1056 3.18464 -0.0147277 
 500 -32.8081 3.17813 -0.022009 
 501 -32.4924 3.13243 -0.239576 
 502 -32.212 3.01373 -0.390407 
 503 -31.9218 2.90207 -0.361706 
 504 -31.6263 2.82874 -0.19059 
 505 -31.3255 2.83772 0.00816455 
 506 -31.0256 2.85242 0.0490916 
 507 -30.7135 2.86161 0.0182497 
 508 -30.4133 2.86509 0.0111317 
 509 -30.1132 2.8665 0.00397125 
 510 -29.8131 2.86096 -0.0187919 
 511 -29.513 2.8534 -0.025943 
 512 -29.1915 2.84739 -0.0177645 
 513 -28.8804 2.84013 -0.024925 
 514 -28.5994 2.83076 -0.0320823 
 515 -28.2777 2.82183 -0.0239113 
 516 -27.9572 2.81915 -0.00791234 
 517 -27.646 2.81484 -0.0150502 
 518 -27.3344 2.79465 -0.0771192 
 519 -27.0252 2.75237 -0.152281 
 520 -27.0065 2.78029 0.164193 
 521 -27.0186 2.81606 0.494702 
 522 -27.0493 2.84354 0.795132 
 523 -27.0775 2.86385 1.09154 
 524 -27.1165 2.86595 1.45604 
 525 -27.1509 2.86473 1.75653 
 526 -27.1834 2.85339 2.05695 
 527 -27.2111 2.83294 2.35735 
 528 -27.2315 2.79521 2.65424 
 529 -27.2329 2.76273 2.95466 
 530 -27.2341 2.73833 -3.02455 
 531 -27.2251 2.70514 -2.72762 
 532 -27.2067 2.67606 -2.42373 
 533 -27.1704 2.65381 -2.12332 
 534 -27.1487 2.64033 -1.8229 
 535 -27.1045 2.64683 -1.52589 
 536 -27.0707 2.65351 -1.22542 
 537 -27.0379 2.67185 -0.893494 
 538 -27.0141 2.69796 -0.57801 
 539 -27.0092 2.74123 -0.260008 
 540 -27.0055 2.756 0.0348824 
 541 -27.013 2.80303 0.357903 
 542 -27.0398 2.83309 0.658303 
 543 -27.0647 2.85686 0.958684 
 544 -27.0954 2.8622 1.25909 
 545 -27.1294 2.86773 1.55956 
 546 -27.1735 2.86296 1.86005 
 547 -27.1946 2.83832 2.16045 
 548 -27.2203 2.81485 2.46384 
 549 -27.2376 2.78512 2.76423 
 550 -27.2353 2.75158 3.06468 
 551 -27.2328 2.71725 -2.91802 
 552 -27.2203 2.69521 -2.61415 
 553 -27.1887 2.6584 -2.31724 
 554 -27.1702 2.64908 -2.01683 
 555 -27.1273 2.63904 -1.71639 
 556 -27.0929 2.6392 -1.41587 
 557 -27.06 2.65954 -1.11543 
 558 -27.0287 2.68206 -0.775062 
 559 -27.0077 2.71184 -0.453044 
 560 -27.0072 2.74615 -0.132861 
 561 -27.008 2.78161 0.180364 
 562 -27.0223 2.81975 0.508464 
 563 -27.0533 2.83696 0.812341 
 564 -27.0816 2.86663 1.10924 
 565 -27.1143 2.86717 1.40967 
 566 -27.1487 2.86755 1.71018 
 567 -27.1817 2.84772 2.01061 
 568 -27.2103 2.82857 2.31101 
 569 -27.232 2.80182 2.61139 
 570 -27.2347 2.76986 2.9118 
 571 -27.2375 2.73554 -3.0709 
 572 -27.2199 2.70196 -2.77045 
 573 -27.2128 2.67211 -2.47005 
 574 -27.1776 2.64868 -2.16966 
 575 -27.1566 2.64375 -1.86925 
 576 -27.1125 2.63866 -1.56876 
 577 -27.0785 2.65389 -1.26827 
 578 -27.0476 2.66894 -0.967866 
 579 -27.0197 2.69614 -0.624084 
 580 -27.0032 2.72929 -0.297112 
 581 -27.0082 2.7656 0.0264726 
 582 -27.0146 2.80063 0.340972 
 583 -27.0346 2.83576 0.669985 
 584 -27.0727 2.85114 1.0039 
 585 -27.0975 2.86593 1.33086 
 586 -27.1418 2.86902 1.63137 
 587 -27.1654 2.85182 1.93183 
 588 -27.2054 2.83498 2.23223 
 589 -27.2191 2.81001 2.53261 
 590 -27.2343 2.77916 2.83301 
 591 -27.2398 2.74516 3.13347 
 592 -27.2249 2.71109 -2.84923 
 593 -27.2101 2.67998 -2.54881 
 594 -27.1841 2.65252 -2.21839 
 595 -27.1539 2.64609 -1.91799 
 596 -27.1102 2.63936 -1.61753 
 597 -27.0859 2.64292 -1.31356 
 598 -27.0543 2.66656 -1.01663 
 599 -27.0281 2.67883 -0.712933 
 600 -27.0085 2.72094 -0.380679 
 601 -27.0106 2.75525 -0.0628031 
 602 -27.014 2.81115 0.259029 
 603 -27.0308 2.8274 0.5768 
 604 -27.0537 2.84311 0.880686 
 605 -27.0932 2.8608 1.17759 
 606 -27.1166 2.86909 1.47804 
 607 -27.1609 2.86711 1.77854 
 608 -27.1832 2.84505 2.07897 
 609 -27.2104 2.824 2.37935 
 610 -27.2301 2.79583 2.67974 
 611 -27.2407 2.76306 2.98017 
 612 -27.2311 2.72864 -3.00251 
 613 -27.2212 2.69565 -2.70207 
 614 -27.1921 2.66705 -2.40516 
 615 -27.1754 2.6453 -2.10129 
 616 -27.1335 2.64252 -1.80088 
 617 -27.0992 2.63977 -1.50038 
 618 -27.0756 2.64731 -1.19993 
 619 -27.0358 2.67444 -0.899527 
 620 -27.0223 2.69964 -0.599144 
 621 -27.0062 2.73479 -0.254229 
 622 -27.0128 2.78116 0.0682583 
 623 -27.0207 2.79603 0.405024 
 624 -27.0492 2.83572 0.710462 
 625 -27.0669 2.84911 1.01632 
 626 -27.1019 2.86347 1.34329 
 627 -27.1462 2.86612 1.6438 
 628 -27.1697 2.85851 1.94426 
 629 -27.1995 2.84129 2.24468 
 630 -27.2129 2.80603 2.54504 
 631 -27.2378 2.77499 2.84543 
 632 -27.2328 2.74094 -3.13729 
 633 -27.2275 2.70692 -2.8368 
 634 -27.2023 2.676 -2.53638 
 635 -27.1887 2.66095 -2.23598 
 636 -27.1456 2.64281 -1.90556 
 637 -27.1117 2.6365 -1.6051 
 638 -27.0876 2.65049 -1.30461 
 639 -27.0461 2.66441 -1.0042 
 640 -27.0301 2.68702 -0.703817 
 641 -27.0121 2.72629 -0.406913 
 642 -27.013 2.7637 -0.0635847 
 643 -27.0164 2.79997 0.265069 
 644 -27.0309 2.8323 0.588143 
 645 -27.0541 2.85782 0.903377 
 646 -27.0873 2.85603 1.18516 
 647 -27.1242 2.8743 1.51566 
 648 -27.1484 2.86104 1.81615 
 649 -27.1902 2.84778 2.11656 
 650 -27.2166 2.82571 2.41695 
 651 -27.2253 2.79682 2.71734 
 652 -27.2346 2.76368 3.01779 
 653 -27.2337 2.72926 -2.96489 
 654 -27.2226 2.69666 -2.66445 
 655 -27.1924 2.66879 -2.36404 
 656 -27.1649 2.64816 -2.06368 
 657 -27.1391 2.64599 -1.73671 
 658 -27.0947 2.64545 -1.43272 
 659 -27.0617 2.65524 -1.13228 
 660 -27.0431 2.68435 -0.835384 
 661 -27.0213 2.701 -0.531511 
 662 -27.0085 2.74295 -0.234582 
 663 -27.006 2.7817 0.111734 
 664 -27.0259 2.81719 0.444032 
 665 -27.0463 2.8469 0.769166 
 666 -27.0739 2.86788 1.07856 
 667 -27.1175 2.86965 1.40718 
 668 -27.1561 2.86947 1.74779 
 669 -27.1989 2.88939 2.07807 
 670 -27.2689 2.91949 2.40995 
 671 -27.3582 2.91338 2.74645 
 672 -27.4543 2.90455 3.05762 
 673 -27.6161 2.85701 -2.91173 
 674 -27.8976 2.74007 -2.76963 
 675 -28.2034 2.64951 -2.85819 
 676 -28.507 2.58587 -2.95004 
 677 -28.8064 2.55219 -3.04159 
 678 -29.1097 2.50805 -2.96681 
 679 -29.396 2.38842 -2.70025 
 680 -29.5764 2.23068 -2.3983 
 681 -29.5886 2.14962 -2.11236 
 682 -29.5567 2.14649 -1.81194 
 683 -29.5225 2.14337 -1.50797 
 684 -29.4988 2.16065 -1.20751 
 685 -29.4689 2.17757 -0.907122 
 686 -29.4453 2.21261 -0.606751 
 687 -29.4401 2.23351 -0.302869 
 688 -29.4249 2.27754 -0.00588488 
 689 -29.4299 2.31161 0.2946 
 690 -29.4447 2.33268 0.598497 
 691 -29.4781 2.35789 0.895391 
 692 -29.5079 2.37513 1.19579 
 693 -29.5414 2.3828 1.49625 
 694 -29.5757 2.37019 1.79675 
 695 -29.6077 2.35755 2.09717 
 696 -29.6345 2.33599 2.39756 
 697 -29.6538 2.29746 2.69795 
 698 -29.6545 2.25827 3.05301 
 699 -29.6522 2.22332 -2.91397 
 700 -29.6387 2.18996 -2.58929 
 701 -29.5964 2.14366 -2.28163 
 702 -29.5824 2.15335 -1.96665 
 703 -29.5455 2.1447 -1.63613 
 704 -29.5112 2.15763 -1.33563 
 705 -29.4794 2.17058 -1.03522 
 706 -29.4528 2.19239 -0.734846 
 707 -29.4438 2.2211 -0.434463 
 708 -29.4242 2.25415 -0.134035 
 709 -29.4347 2.29857 0.162987 
 710 -29.4553 2.33132 0.46342 
 711 -29.4651 2.34945 0.7673 
 712 -29.4925 2.37037 1.06769 
 713 -29.5248 2.38226 1.36811 
 714 -29.5591 2.37406 1.66861 
 715 -29.5925 2.36561 1.96906 
 716 -29.6218 2.34766 2.26946 
 717 -29.6446 2.32182 2.56984 
 718 -29.6586 2.28041 2.86677 
 719 -29.6528 2.24324 -3.08627 
 720 -29.6453 2.20842 -2.76838 
 721 -29.6066 2.15676 -2.44381 
 722 -29.5995 2.17318 -2.10619 
 723 -29.5454 2.13975 -1.77915 
 724 -29.5211 2.14776 -1.47515 
 725 -29.4874 2.16628 -1.1717 
 726 -29.4681 2.18426 -0.867826 
 727 -29.4455 2.2102 -0.567453 
 728 -29.4415 2.24167 -0.26705 
 729 -29.4275 2.27587 0.0334261 
 730 -29.4338 2.30972 0.333891 
 731 -29.4499 2.34018 0.634294 
 732 -29.4742 2.36453 0.934677 
 733 -29.5146 2.3806 1.23159 
 734 -29.5484 2.37706 1.53207 
 735 -29.5859 2.37229 1.8626 
 736 -29.617 2.34756 2.16301 
 737 -29.6424 2.32429 2.46339 
 738 -29.6597 2.29455 2.76379 
 739 -29.6574 2.26101 3.06426 
 740 -29.6533 2.22047 -2.85922 
 741 -29.6282 2.17819 -2.54812 
 742 -29.6034 2.15168 -2.22428 
 743 -29.563 2.13496 -1.91413 
 744 -29.5351 2.14824 -1.6062 
 745 -29.4976 2.15315 -1.27568 
 746 -29.4766 2.178 -0.975287 
 747 -29.4511 2.20163 -0.671911 
 748 -29.434 2.23148 -0.371526 
 749 -29.4264 2.26507 -0.0710725 
 750 -29.4292 2.29939 0.229426 
 751 -29.4419 2.33136 0.526357 
 752 -29.4735 2.35819 0.830233 
 753 -29.5021 2.36735 1.13063 
 754 -29.535 2.37719 1.43107 
 755 -29.5728 2.37622 1.76162 
 756 -29.6053 2.3547 2.06205 
 757 -29.6328 2.3341 2.36244 
 758 -29.6431 2.30627 2.66283 
 759 -29.6542 2.27368 2.96326 
 760 -29.6551 2.23926 -3.01941 
 761 -29.6331 2.19046 -2.66443 
 762 -29.6123 2.16198 -2.35308 
 763 -29.5729 2.14082 -2.03341 
 764 -29.5402 2.15024 -1.72292 
 765 -29.5205 2.1511 -1.38254 
 766 -29.488 2.16255 -1.08212 
 767 -29.4504 2.19308 -0.785228 
 768 -29.4401 2.2208 -0.484849 
 769 -29.4288 2.25331 -0.184428 
 770 -29.4276 2.28772 0.116077 
 771 -29.4467 2.32093 0.416521 
 772 -29.4651 2.33996 0.716916 
 773 -29.4914 2.37223 1.0173 
 774 -29.523 2.37573 1.31772 
 775 -29.5572 2.37926 1.61821 
 776 -29.591 2.3625 1.91868 
 777 -29.6266 2.34172 2.27916 
 778 -29.6491 2.31566 2.57954 
 779 -29.6528 2.28412 2.87996 
 780 -29.6567 2.2499 -3.10273 
 781 -29.6502 2.21608 -2.80226 
 782 -29.6205 2.17128 -2.45302 
 783 -29.5812 2.14593 -2.11469 
 784 -29.5476 2.14228 -1.79123 
 785 -29.5218 2.15001 -1.47441 
 786 -29.4683 2.1685 -1.19701 
 787 -29.4559 2.18793 -0.863088 
 788 -29.4434 2.21397 -0.562715 
 789 -29.4196 2.24551 -0.262308 
 790 -29.4258 2.27973 0.0381771 
 791 -29.4422 2.31354 0.338648 
 792 -29.4584 2.34393 0.63905 
 793 -29.4828 2.35817 0.942923 
 794 -29.5034 2.37399 1.24333 
 795 -29.5473 2.38005 1.54031 
 796 -29.5814 2.36594 1.8408 
 797 -29.6128 2.35189 2.14122 
 798 -29.6387 2.32918 2.4416 
 799 -29.6567 2.28983 2.742 
 800 -29.6551 2.25647 3.04245 
 801 -29.6534 2.22208 -2.94023 
 802 -29.6298 2.19676 -2.60977 
 803 -29.604 2.1565 -2.26251 
 804 -29.5709 2.13732 -1.92457 
 805 -29.536 2.15029 -1.60685 
 806 -29.5002 2.15465 -1.28855 
 807 -29.5154 2.12105 -1.59337 
 808 -29.6268 1.82854 -1.86971 
 809 -29.7017 1.52951 -1.7977 
 810 -29.7404 1.22067 -1.6913 
 811 -29.7582 0.914886 -1.61906 
 812 -29.7624 0.605303 -1.58773 
 813 -29.7646 0.30309 -1.57929 
 814 -29.7685 -0.00072253 -1.5943 
 815 -29.777 -0.305424 -1.58722 
 816 -29.8303 -0.424037 -1.87346 
 817 -29.9263 -0.546745 -2.16108 
 818 -30.0457 -0.650134 -2.47359 
 819 -30.1395 -0.648686 -2.77481 
 820 -30.1355 -0.68476 -2.49852 
 821 -30.1173 -0.724387 -2.16808 
 822 -30.1044 -0.804217 -1.83662 
 823 -30.0765 -0.879041 -1.50402 
 824 -30.0341 -0.942775 -1.1819 
 825 -29.9347 -1.02082 -0.880251 
 826 -29.6818 -1.19122 -0.568304 
 827 -29.3947 -1.3104 -0.393105 
 828 -29.1003 -1.37085 -0.182045 
 829 -28.7959 -1.4032 -0.0959654 
 830 -28.7631 -1.44448 -0.390536 
 831 -28.7608 -1.47397 -0.690933 
 832 -28.8003 -1.4993 -1.03387 
 833 -28.829 -1.51822 -1.48367 
 834 -28.8756 -1.54017 -1.78485 
 835 -28.9162 -1.58144 -2.08689 
 836 -28.9936 -1.6094 -2.41171 
 837 -29.0834 -1.62314 -2.7539 
 838 -29.194 -1.60227 -3.08053 
 839 -29.3855 -1.52633 2.89312 
 840 -29.6851 -1.44689 2.89442 
 841 -29.9859 -1.39948 3.01179 
 842 -30.2985 -1.39362 3.10648 
 843 -30.5982 -1.39906 -3.12385 
 844 -30.8906 -1.40269 -3.13118 
 845 -31.1771 -1.40408 -3.13838 
 846 -31.4635 -1.40561 -3.13778 
 847 -31.7499 -1.40638 -3.1372 
 848 -32.0563 -1.40677 -3.13771 
 849 -32.3533 -1.42117 -3.07974 
 850 -32.6455 -1.45753 -3.01905 
 851 -32.927 -1.49556 -3.0308 
 852 -33.2357 -1.52193 -3.05721 
 853 -33.5306 -1.54098 -3.08806 
 854 -33.8126 -1.50904 2.89291 
 855 -34.1191 -1.43194 2.90576 
 856 -34.4422 -1.37895 2.98238 
 857 -34.7479 -1.34955 3.05456 
 858 -35.0726 -1.34024 3.11995 
 859 -35.386 -1.32743 3.10974 
 860 -35.6945 -1.35442 -3.00456 
 861 -36.0153 -1.41306 -2.98516 
 862 -36.3244 -1.40516 3.09114 
 863 -36.3833 -1.35404 2.81039 
 864 -36.6617 -1.26111 2.95378 
 865 -36.9754 -1.24408 3.07935 
 866 -37.2715 -1.24346 -3.13323 
 867 -37.572 -1.24682 -3.13012 
 868 -37.8805 -1.24854 -3.13759 
 869 -38.1836 -1.2068 2.97016 
 870 -38.4915 -1.11782 2.84216 
 871 -38.7402 -0.932374 2.55171 
 872 -38.9831 -0.75653 2.51523 
 873 -39.2377 -0.576773 2.53183 
 874 -39.5016 -0.415916 2.60537 
 875 -39.7725 -0.273864 2.66419 
 876 -40.0499 -0.146852 2.71984 
 877 -40.3525 -0.0434511 2.82832 
 878 -40.652 0.0204661 2.93265 
 879 -40.9551 0.0645629 3.00795 
 880 -41.2603 0.0877914 3.07602 
 881 -41.57 0.117021 3.03487 
 882 -41.8766 0.169208 2.96744 
 883 -42.1214 0.280094 2.6674 
 884 -42.2325 0.403717 2.36504 
 885 -42.3108 0.575369 2.05263 
 886 -42.3411 0.782489 1.7356 
 887 -42.3317 1.09427 1.56233 
 888 -42.3273 1.39418 1.55513 
 889 -42.3224 1.70005 1.55557 
 890 -42.3198 1.99996 1.56395 
 891 -42.3179 2.29994 1.56456 
 892 -42.3162 2.59995 1.56518 
 893 -42.315 2.89995 1.5658 
 894 -42.3116 3.20596 1.5585 
 895 -42.3067 3.50592 1.55725 
 896 -42.3438 3.72647 1.88493 
 897 -42.3754 3.70243 2.309 
 898 -42.3971 3.67576 2.6094 
 899 -42.41 3.64385 2.90983 
 900 -42.4028 3.59952 -3.07285 
 901 -42.3954 3.56596 -2.77238 
 902 -42.3783 3.54611 -2.47195 
 903 -42.3532 3.52265 -2.17155 
 904 -42.3222 3.50764 -1.87115 
 905 -42.2881 3.50245 -1.57071 
 906 -42.254 3.51756 -1.27375 
 907 -42.2201 3.53438 -0.939838 
 908 -42.1956 3.55856 -0.639483 
 909 -42.1793 3.58889 -0.339114 
 910 -42.1828 3.62272 -0.0386522 
 911 -42.1867 3.65692 0.261823 
 912 -42.204 3.6937 0.616938 
 913 -42.2284 3.71886 0.926264 
 914 -42.2703 3.73581 1.24163 
 915 -42.3053 3.73197 1.55512 
 916 -42.3433 3.72618 1.86942 
 917 -42.3671 3.70926 2.20337 
 918 -42.3916 3.68502 2.50377 
 919 -42.4077 3.65464 2.80418 
 920 -42.4042 3.61081 3.10466 
 921 -42.4004 3.57663 -2.87802 
 922 -42.3865 3.55514 -2.57758 
 923 -42.364 3.52914 -2.27719 
 924 -42.3348 3.51096 -1.9768 
 925 -42.3014 3.50222 -1.67638 
 926 -42.267 3.51371 -1.3759 
 927 -42.2315 3.527 -1.04546 
 928 -42.2046 3.54848 -0.745104 
 929 -42.1852 3.57694 -0.444737 
 930 -42.1852 3.6099 -0.144311 
 931 -42.1854 3.64431 0.156199 
 932 -42.1958 3.67713 0.456641 
 933 -42.2197 3.7097 0.809672 
 934 -42.248 3.72949 1.11437 
 935 -42.2919 3.73007 1.42387 
 936 -42.3265 3.72994 1.72915 
 937 -42.2913 3.73349 1.45943 
 938 -42.2519 3.74793 1.15841 
 939 -42.1855 3.76197 0.80151 
 940 -42.1208 3.76244 0.449908 
 941 -42.0548 3.74731 0.137651 
 942 -41.7734 3.68838 -0.184072 
 943 -41.4694 3.62698 -0.149873 
 944 -41.1698 3.60281 -0.0643428 
 945 -40.8597 3.59263 -0.0373452 
 946 -40.8092 3.61948 0.267906 
 947 -40.8335 3.66474 0.718512 
 948 -40.8698 3.687 1.01889 
 949 -40.9048 3.70126 1.34586 
 950 -40.9392 3.69383 1.64637 
 951 -40.9628 3.68608 1.95031 
 952 -40.9925 3.6687 2.25072 
 953 -41.0157 3.64331 2.55111 
 954 -41.0304 3.61219 2.85152 
 955 -41.0252 3.57806 -3.13118 
 956 -41.0197 3.54409 -2.8307 
 957 -40.9958 3.50246 -2.41014 
 958 -40.9692 3.48057 -2.10976 
 959 -40.9374 3.46752 -1.80936 
 960 -40.903 3.47448 -1.50886 
 961 -40.8694 3.48172 -1.20841 
 962 -40.8354 3.51183 -0.860057 
 963 -40.8112 3.54085 -0.523022 
 964 -40.7985 3.59315 -0.209891 
 965 -40.4999 3.62447 0.00896949 
 966 -40.1988 3.62266 -0.00520348 
 967 -40.1761 3.65673 0.293229 
 968 -40.1928 3.69064 0.623673 
 969 -40.2269 3.70529 0.924052 
 970 -40.2571 3.72167 1.22445 
 971 -40.2909 3.71837 1.52491 
 972 -40.3252 3.71479 1.8254 
 973 -40.3569 3.69125 2.12582 
 974 -40.3831 3.66895 2.42621 
 975 -40.4015 3.6399 2.7301 
 976 -40.4005 3.59662 3.02706 
 977 -40.3992 3.57221 -2.94864 
 978 -40.3762 3.53254 -2.47146 
 979 -40.341 3.50904 -2.17457 
 980 -40.3068 3.49297 -1.84412 
 981 -40.2726 3.48873 -1.54364 
 982 -40.2387 3.50481 -1.24316 
 983 -40.2059 3.52225 -0.915718 
 984 -40.1818 3.54746 -0.604046 
 985 -40.1663 3.59955 -0.286124 
 986 -40.1266 3.65633 0.0173408 
 987 -40.1336 3.66353 0.351339 
 988 -40.1602 3.68374 0.651737 
 989 -40.1849 3.70767 0.952116 
 990 -40.2157 3.72324 1.2539 
 991 -40.2564 3.71885 1.61307 
 992 -40.2902 3.71224 1.91352 
 993 -40.3206 3.68599 2.21394 
 994 -40.3448 3.66149 2.51433 
 995 -40.3507 3.62089 2.81823 
 996 -40.3566 3.59699 3.11871 
 997 -40.3512 3.55954 -2.83394 
 998 -40.3359 3.53867 -2.53353 
 999 -40.3123 3.51369 -2.23315 
 1000 -40.2723 3.49678 -1.93275 
 1001 -40.2386 3.48955 -1.63578 
 1002 -40.2043 3.50248 -1.3353 
 1003 -40.1668 3.51893 -0.974298 
 1004 -40.1406 3.55353 -0.656824 
 1005 -40.1229 3.60618 -0.325853 
 1006 -40.1267 3.66076 -0.00905934 
 1007 -40.1426 3.69818 0.32851 
 1008 -40.1607 3.70149 0.662438 
 1009 -40.1857 3.71514 0.962816 
 1010 -40.2166 3.72035 1.26671 
 1011 -40.2506 3.72562 1.56718 
 1012 -40.2847 3.71058 1.86766 
 1013 -40.3157 3.69569 2.16806 
 1014 -40.331 3.66228 2.46496 
 1015 -40.3583 3.63259 2.77235 
 1016 -40.3558 3.60896 3.07281 
 1017 -40.353 3.56466 -2.90988 
 1018 -40.3384 3.53978 -2.5829 
 1019 -40.306 3.51361 -2.28252 
 1020 -40.2769 3.49529 -1.98213 
 1021 -40.2436 3.4964 -1.68168 
 1022 -40.2091 3.49775 -1.38118 
 1023 -40.1767 3.50922 -1.08424 
 1024 -40.1448 3.55403 -0.72827 
 1025 -40.126 3.58292 -0.420265 
 1026 -40.1266 3.63676 -0.107318 
 1027 -40.1382 3.692 0.2073 
 1028 -40.0678 3.64952 -0.0623154 
 1029 -40.0752 3.59569 -0.364471 
 1030 -40.0832 3.5644 -0.686218 
 1031 -40.1211 3.51988 -1.01765 
 1032 -40.1538 3.50613 -1.33089 
 1033 -40.1891 3.50311 -1.6464 
 1034 -40.2245 3.50521 -1.96297 
 1035 -40.2601 3.51195 -2.25288 
 1036 -40.3102 3.50962 -2.56629 
 1037 -40.4213 3.5006 -2.8918 
 1038 -40.7331 3.50869 3.10502 
 1039 -41.0399 3.53451 3.09388 
 1040 -41.3517 3.53919 3.12407 
 1041 -41.6527 3.54344 3.12441 
 1042 -41.9533 3.52584 -3.00712 
 1043 -42.0741 3.45856 -2.70564 
 1044 -42.211 3.30516 -2.38953 
 1045 -42.2715 3.16285 -2.06694 
 1046 -42.2824 3.00089 -1.76033 
 1047 -42.2839 2.71006 -1.59376 
 1048 -42.2924 2.41008 -1.60011 
 1049 -42.2609 2.21531 -1.29299 
 1050 -42.2282 2.23055 -0.970635 
 1051 -42.2007 2.25702 -0.633845 
 1052 -42.1844 2.2981 -0.313843 
 1053 -42.1877 2.33311 -0.00108195 
 1054 -42.1844 2.36879 0.305266 
 1055 -42.1861 2.40336 0.631568 
 1056 -42.1668 2.48023 0.946196 
 1057 -42.1691 2.57858 1.25306 
 1058 -42.1358 2.89157 1.53255 
 1059 -42.1134 3.19206 1.33756 
 1060 -42.0176 3.33544 1.02455 
 1061 -41.8778 3.43704 0.716802 
 1062 -41.7127 3.49608 0.410111 
 1063 -41.469 3.51939 0.100077 
 1064 -41.1679 3.51758 0.0011592 
 1065 -41.1492 3.5559 0.303067 
 1066 -41.269 3.52158 0.693591 
 1067 -41.269 3.51158 0.993973 
 1068 -41.269 3.51158 1.29438 
 1069 -41.269 3.51158 1.59486 
 1070 -41.269 3.50158 1.89534 
 1071 -41.269 3.50158 2.19574 
 1072 -41.269 3.50158 2.49612 
 1073 -41.269 3.50158 2.79652 
 1074 -41.259 3.49158 3.09699 
 1075 -41.259 3.50158 -2.88569 
 1076 -41.259 3.50158 -2.55524 
 1077 -41.259 3.50158 -2.25486 
 1078 -41.249 3.50158 -1.95446 
 1079 -41.259 3.51158 -1.65401 
 1080 -41.249 3.51158 -1.35352 
 1081 -41.259 3.52158 -1.05351 
 1082 -41.2593 3.52128 -0.719166 
 1083 -41.2596 3.52054 -0.402135 
 1084 -41.2596 3.53974 -0.0787412 
 1085 -41.2694 3.53896 0.245115 
 1086 -41.2692 3.52862 0.579068 
 1087 -41.2692 3.51862 0.882454 
 1088 -41.2792 3.51862 1.18285 
 1089 -41.2688 3.50859 1.48679 
 1090 -41.2688 3.50859 1.78729 
 1091 -41.2688 3.49859 2.08772 
 1092 -41.2691 3.4983 2.38461 
 1093 -41.2691 3.4983 2.685 
 1094 -41.2691 3.4983 2.98543 
 1095 -41.2591 3.4983 -2.99725 
 1096 -41.2591 3.4983 -2.66677 
 1097 -41.2591 3.4983 -2.36638 
 1098 -41.2591 3.5083 -2.06599 
 1099 -41.2495 3.50837 -1.76208 
 1100 -41.2595 3.50837 -1.46157 
 1101 -41.2495 3.50837 -1.16112 
 1102 -41.2495 3.51837 -0.802631 
 1103 -41.2597 3.52802 -0.483636 
 1104 -41.2598 3.54722 -0.148074 
 1105 -41.2696 3.54604 0.166971 
 1106 -41.2714 3.52963 0.444398 
 1107 -41.2711 3.51933 0.748278 
 1108 -41.2711 3.51933 1.04866 
 1109 -41.2711 3.50933 1.34908 
 1110 -41.2711 3.50933 1.64959 
 1111 -41.2711 3.50933 1.95004 
 1112 -41.2711 3.49933 2.25044 
 1113 -41.2711 3.49933 2.55082 
 1114 -41.2611 3.49933 2.85123 
 1115 -41.2611 3.49933 -3.13148 
 1116 -41.2611 3.49933 -2.83101 
 1117 -41.2511 3.49933 -2.5306 
 1118 -41.2511 3.50933 -2.04999 
 1119 -41.2511 3.50933 -1.71951 
 1120 -41.2511 3.50933 -1.419 
 1121 -41.2511 3.51933 -1.11856 
 1122 -41.2511 3.51933 -0.818175 
 1123 -41.2613 3.52898 -0.468916 
 1124 -41.2614 3.52818 -0.129325 
 1125 -41.2713 3.54739 0.181563 
 1126 -40.9952 3.59893 0.138243 
 1127 -40.6861 3.62877 0.049636 
 1128 -40.3765 3.62452 -0.111315 
 1129 -40.08 3.54996 -0.3864 
 1130 -39.7957 3.42057 -0.474614 
 1131 -39.5496 3.27608 -0.168308 
 1132 -39.5497 3.25688 0.138465 
 1133 -39.5397 3.25688 0.649179 
 1134 -39.5397 3.25688 0.949561 
 1135 -39.5397 3.25688 1.24997 
 1136 -39.5393 3.24687 1.55392 
 1137 -39.5397 3.24676 1.85092 
 1138 -39.5497 3.24676 2.15133 
 1139 -39.5499 3.23645 2.44822 
 1140 -39.5499 3.23645 2.74862 
 1141 -39.5399 3.24645 3.04907 
 1142 -39.5399 3.25645 -2.93361 
 1143 -39.5399 3.25645 -2.39287 
 1144 -39.5299 3.25645 -2.09249 
 1145 -39.5403 3.25654 -1.78858 
 1146 -39.5299 3.26657 -1.49156 
 1147 -39.5299 3.26657 -1.19111 
 1148 -39.5402 3.2663 -0.842936 
 1149 -39.5402 3.2763 -0.515542 
 1150 -39.5503 3.27591 -0.193647 
 1151 -39.5503 3.27551 0.114229 
 1152 -39.5514 3.29809 0.391803 
 1153 -39.5511 3.27783 0.845877 
 1154 -39.5511 3.26783 1.14627 
 1155 -39.5507 3.25778 1.4502 
 1156 -39.5407 3.24778 1.7507 
 1157 -39.5407 3.24778 2.05113 
 1158 -39.5407 3.24778 2.35151 
 1159 -39.5407 3.23778 2.6519 
 1160 -39.5407 3.24739 2.94884 
 1161 -39.5407 3.25739 -3.03385 
 1162 -39.5407 3.24739 -2.7334 
 1163 -39.5307 3.25739 -2.1927 
 1164 -39.5307 3.25739 -1.8923 
 1165 -39.5307 3.26739 -1.59182 
 1166 -39.5307 3.26739 -1.29135 
 1167 -39.5307 3.26739 -0.990936 
 1168 -39.541 3.26706 -0.643031 
 1169 -39.541 3.27706 -0.316745 
 1170 -39.541 3.27666 0.0037541 
 1171 -39.551 3.27666 0.303758 
 1172 -39.5315 3.2373 0.643825 
 1173 -39.5418 3.24754 0.940715 
 1174 -39.5522 3.25767 1.23763 
 1175 -39.5522 3.25767 1.5381 
 1176 -39.5418 3.24778 1.84208 
 1177 -39.5418 3.24778 2.1425 
 1178 -39.542 3.23747 2.43939 
 1179 -39.542 3.24747 2.73978 
 1180 -39.542 3.24747 3.04023 
 1181 -39.542 3.25747 -2.94245 
 1182 -39.5319 3.24712 -2.64551 
 1183 -39.5319 3.25712 -2.34513 
 1184 -39.5322 3.25721 -1.80091 
 1185 -39.5322 3.26721 -1.50042 
 1186 -39.5322 3.26721 -1.19997 
 1187 -39.5422 3.26721 -0.899569 
 1188 -39.5422 3.27721 -0.59896 
 1189 -39.5422 3.27721 -0.287443 
 1190 -39.5422 3.27681 0.0356287 
 1191 -39.5522 3.27681 0.337874 
 1192 -39.5327 3.23745 0.643778 
 1193 -39.543 3.25767 0.970708 
 1194 -39.543 3.25767 1.27112 
 1195 -39.553 3.25767 1.57159 
 1196 -39.543 3.24767 1.87207 
 1197 -39.543 3.25767 2.17248 
 1198 -39.543 3.24767 2.47286 
 1199 -39.543 3.24767 2.77326 
 1200 -39.543 3.24767 3.07372 
 1201 -39.533 3.24728 -2.91247 
 1202 -39.5432 3.25763 -2.60856 
 1203 -39.5329 3.25737 -2.28163 
 1204 -39.5329 3.25737 -1.98123 
 1205 -39.5329 3.26737 -1.68078 
 1206 -39.5332 3.26729 -1.37679 
 1207 -39.5432 3.26729 -1.07636 
 1208 -39.533 3.27759 -0.74943 
 1209 -39.543 3.27759 -0.392897 
 1210 -39.543 3.27719 -0.0808939 
 1211 -39.5529 3.2768 0.237385 
 1212 -39.5427 3.26645 0.546387 
 1213 -39.5236 3.24725 0.838078 
 1214 -39.544 3.2574 1.19506 
 1215 -39.544 3.2574 1.49552 
 1216 -39.544 3.2574 1.79601 
 1217 -39.544 3.2474 2.09643 
 1218 -39.544 3.2474 2.39681 
 1219 -39.544 3.2474 2.6972 
 1220 -39.544 3.247 2.99415 
 1221 -39.544 3.247 -2.98851 
 1222 -39.534 3.247 -2.68808 
 1223 -39.534 3.257 -2.38769 
 1224 -39.534 3.257 -2.08731 
 1225 -39.534 3.267 -1.78688 
 1226 -39.5344 3.25697 -1.4829 
 1227 -39.5444 3.26697 -1.18245 
 1228 -39.5344 3.26697 -0.882058 
 1229 -39.5444 3.26697 -0.581676 
 1230 -39.5343 3.27735 -0.285056 
 1231 -39.5443 3.27695 0.042247 
 1232 -39.5543 3.27695 0.342803 
 1233 -39.5541 3.27664 0.658584 
 1234 -39.5347 3.23708 0.986436 
 1235 -39.5451 3.25719 1.28336 
 1236 -39.5451 3.25719 1.58385 
 1237 -39.5555 3.24707 1.88083 
 1238 -39.5452 3.2573 2.18473 
 1239 -39.5454 3.24698 2.48162 
 1240 -39.5454 3.24698 2.78202 
 1241 -39.5454 3.24698 3.08248 
 1242 -39.5354 3.24698 -2.90022 
 1243 -39.5354 3.25698 -2.5998 
 1244 -39.5354 3.25698 -2.29941 
 1245 -39.5354 3.25698 -1.99902 
 1246 -39.5354 3.26698 -1.69858 
 1247 -39.5254 3.26698 -1.36803 
 1248 -39.5354 3.27698 -1.0676 
 1249 -39.5354 3.27698 -0.767216 
 1250 -39.5354 3.27698 -0.406746 
 1251 -39.5454 3.27698 -0.106527 
 1252 -39.5453 3.27659 0.223414 
 1253 -39.5451 3.26624 0.529875 
 1254 -39.5551 3.26624 0.846055 
 1255 -39.5488 3.25782 1.14763 
 1256 -39.5488 3.25782 1.44808 
 1257 -39.5488 3.25782 1.74858 
 1258 -39.5488 3.24782 2.04901 
 1259 -39.5488 3.24782 2.3494 
 1260 -39.539 3.24746 2.70638 
 1261 -39.5389 3.24786 3.01031 
 1262 -39.5389 3.24746 -2.97586 
 1263 -39.539 3.24782 -2.67194 
 1264 -39.539 3.25782 -2.37155 
 1265 -39.529 3.25782 -2.07117 
 1266 -39.539 3.25782 -1.74069 
 1267 -39.529 3.26782 -1.41014 
 1268 -39.539 3.26782 -1.10971 
 1269 -39.539 3.26782 -0.809321 
 1270 -39.539 3.26782 -0.508936 
 1271 -39.539 3.27782 -0.208512 
 1272 -39.549 3.27782 0.146121 
 1273 -39.5487 3.2771 0.45753 
 1274 -39.5681 3.27653 0.777552 
 1275 -39.5671 3.27597 1.09964 
 1276 -39.551 3.26668 1.37678 
 1277 -39.551 3.25668 2.01079 
 1278 -39.551 3.24668 2.34122 
 1279 -39.551 3.24668 2.64161 
 1280 -39.541 3.24668 2.94203 
 1281 -39.541 3.24668 -3.04065 
 1282 -39.5412 3.25705 -2.73672 
 1283 -39.5309 3.25674 -2.43982 
 1284 -39.5309 3.25674 -2.13943 
 1285 -39.5361 3.26179 -1.83727 
 1286 -39.5361 3.26179 -1.47668 
 1287 -39.5357 3.26195 -1.17972 
 1288 -39.536 3.27169 -0.87584 
 1289 -39.536 3.27169 -0.575457 
 1290 -39.546 3.27169 -0.275045 
 1291 -39.546 3.27169 0.0254419 
 1292 -39.5459 3.27132 0.378182 
 1293 -39.5554 3.27071 0.723089 
 1294 -39.5747 3.27031 1.04364 
 1295 -39.5739 3.27013 1.35092 
 1296 -39.5767 3.25986 1.65631 
 1297 -39.5563 3.25001 1.96025 
 1298 -39.5563 3.25001 2.26065 
 1299 -39.5563 3.25001 2.56103 
 1300 -39.5463 3.25001 2.86144 
 1301 -39.5463 3.25001 -3.12126 
 1302 -39.5363 3.25001 -2.82079 
 1303 -39.5363 3.25001 -2.52038 
 1304 -39.5363 3.26001 -2.22 
 1305 -39.5263 3.26001 -1.9196 
 1306 -39.5367 3.26003 -1.61564 
 1307 -39.5367 3.26003 -1.31516 
 1308 -39.5467 3.27003 -0.564165 
 1309 -39.5467 3.27003 -0.263751 
 1310 -39.5467 3.27003 0.0367461 
 1311 -39.5467 3.27003 0.337213 
 1312 -39.5565 3.26971 0.671092 
 1313 -39.5558 3.26927 0.988965 
 1314 -39.575 3.26905 1.29661 
 1315 -39.5582 3.25887 1.61268 
 1316 -39.5485 3.24862 2.23935 
 1317 -39.5485 3.24862 2.56977 
 1318 -39.5485 3.24862 2.87018 
 1319 -39.5385 3.24862 -3.11252 
 1320 -39.5385 3.24862 -2.81205 
 1321 -39.5388 3.25894 -2.50816 
 1322 -39.5285 3.2587 -2.21127 
 1323 -39.5285 3.2587 -1.91086 
 1324 -39.5389 3.25872 -1.60691 
 1325 -39.5389 3.26872 -0.915889 
 1326 -39.5389 3.26872 -0.615507 
 1327 -39.5489 3.26872 -0.315102 
 1328 -39.5489 3.26872 -0.014626 
 1329 -39.5489 3.26872 0.285865 
 1330 -39.5589 3.26872 0.641682 
 1331 -39.5582 3.26825 0.956583 
 1332 -39.5778 3.26814 1.27758 
 1333 -39.5766 3.26816 1.59768 
 1334 -39.5578 3.25776 1.90434 
 1335 -39.5578 3.24776 2.23478 
 1336 -39.5578 3.24776 2.53516 
 1337 -39.5478 3.24776 2.83557 
 1338 -39.5478 3.24776 3.13605 
 1339 -39.5379 3.25815 -2.84317 
 1340 -39.5379 3.25815 -2.54276 
 1341 -39.5379 3.25815 -2.24238 
 1342 -39.5275 3.258 -1.94247 
 1343 -39.5379 3.25803 -1.63852 
 1344 -39.5275 3.26812 -1.34151 
 1345 -39.5378 3.26788 -0.917445 
 1346 -39.5378 3.26788 -0.587025 
 1347 -39.5478 3.26788 -0.286615 
 1348 -39.5478 3.26788 0.0138691 
 1349 -39.5478 3.26788 0.314346 
 1350 -39.5478 3.26788 0.614751 
 1351 -39.5578 3.26788 0.961197 
 1352 -39.5674 3.26777 1.29526 
 1353 -39.5666 3.26779 1.60429 
 1354 -39.5663 3.25793 1.92183 
 1355 -39.5657 3.24845 2.28531 
 1356 -39.5557 3.24845 2.61574 
 1357 -39.5457 3.24845 2.9462 
 1358 -39.5457 3.24845 -3.03649 
 1359 -39.5358 3.25882 -2.73256 
 1360 -39.5358 3.25882 -2.43216 
 1361 -39.5358 3.25882 -2.13178 
 1362 -39.5358 3.25882 -1.83137 
 1363 -39.5358 3.25882 -1.53087 
 1364 -39.5358 3.25882 -1.2304 
 1365 -39.5358 3.26882 -0.930002 
 1366 -39.5458 3.26882 -0.239085 
 1367 -39.5458 3.26882 0.0614009 
 1368 -39.5458 3.26882 0.361858 
 1369 -39.5458 3.26882 0.662257 
 1370 -39.5558 3.26882 1.01883 
 1371 -39.5554 3.25873 1.33434 
 1372 -39.565 3.26876 1.65771 
 1373 -39.5643 3.25908 1.97904 
 1374 -39.5637 3.2496 2.28959 
 1375 -39.5437 3.2496 2.98053 
 1376 -39.5437 3.2496 -3.00216 
 1377 -39.5337 3.2496 -2.70172 
 1378 -39.5339 3.2599 -2.39784 
 1379 -39.5339 3.2599 -2.09746 
 1380 -39.5339 3.2599 -1.79704 
 1381 -39.5339 3.2599 -1.49653 
 1382 -39.5339 3.2599 -1.19608 
 1383 -39.5439 3.2699 -0.895682 
 1384 -39.5439 3.2699 -0.505183 
 1385 -39.5439 3.2699 -0.204758 
 1386 -39.5439 3.2699 0.0957431 
 1387 -39.5539 3.2699 0.396191 
 1388 -39.5539 3.2699 0.696585 
 1389 -39.5539 3.2599 0.996968 
 1390 -39.5536 3.25981 1.34386 
 1391 -39.5632 3.25985 1.67489 
 1392 -39.5624 3.25018 2.0025 
 1393 -39.5624 3.25018 2.30565 
 1394 -39.543 3.25914 2.61191 
 1395 -39.543 3.24874 -3.0438 
 1396 -39.543 3.24874 -2.74335 
 1397 -39.5433 3.25905 -2.43947 
 1398 -39.5329 3.25883 -2.14257 
 1399 -39.5329 3.25883 -1.84216 
 1400 -39.5333 3.25882 -1.53818 
 1401 -39.5329 3.26895 -1.24119 
 1402 -39.5329 3.26895 -0.940791 
 1403 -39.5432 3.26863 -0.636919 
 1404 -39.5432 3.26863 0.114196 
 1405 -39.5432 3.26863 0.41464 
 1406 -39.5532 3.25863 0.715032 
 1407 -39.5532 3.25863 1.01842 
 1408 -39.5636 3.26871 1.37372 
 1409 -39.5632 3.25875 1.69252 
 1410 -39.5624 3.2591 2.02531 
 1411 -39.5622 3.24938 2.34118 
 1412 -39.5518 3.2501 2.67067 
 1413 -39.5418 3.2505 3.0948 
 1414 -39.5417 3.25011 -2.89139 
 1415 -39.5419 3.25045 -2.58748 
 1416 -39.5419 3.26045 -2.2871 
 1417 -39.5319 3.26045 -1.98671 
 1418 -39.5319 3.26045 -1.68626 
 1419 -39.5319 3.26045 -1.38276 
 1420 -39.5419 3.26045 -1.05229 
 1421 -39.5419 3.27045 -0.751904 
 1422 -39.5419 3.27045 -0.451515 
 1423 -39.5519 3.27045 0.0292313 
 1424 -39.5519 3.27045 0.3297 
 1425 -39.5519 3.27045 0.630103 
 1426 -39.5519 3.26045 0.930484 
 1427 -39.5519 3.26045 1.23089 
 1428 -39.5619 3.26045 1.58725 
 1429 -39.5615 3.26058 1.9001 
 1430 -39.5612 3.25082 2.22026 
 1431 -39.561 3.25115 2.5344 
 1432 -39.5507 3.25232 2.89422 
 1433 -39.5405 3.25196 -2.67131 
 1434 -39.5407 3.25225 -2.36743 
 1435 -39.5307 3.26225 -2.06704 
 1436 -39.5307 3.26225 -1.76662 
 1437 -39.5307 3.26225 -1.46611 
 1438 -39.5307 3.26225 -1.16567 
 1439 -39.5407 3.27225 -0.865272 
 1440 -39.5407 3.27225 -0.56489 
 1441 -39.5407 3.27225 -0.264476 
 1442 -39.5507 3.27225 0.186248 
 1443 -39.5507 3.27225 0.486676 
 1444 -39.5607 3.27225 0.847138 
 1445 -39.5607 3.26225 1.14753 
 1446 -39.5607 3.26225 1.44798 
 1447 -39.5607 3.25225 1.80256 
 1448 -39.5604 3.25245 2.10892 
 1449 -39.5599 3.25306 2.42402 
 1450 -39.5496 3.2538 2.74797 
 1451 -39.5496 3.2538 3.07091 
 1452 -39.5396 3.2538 -2.52125 
 1453 -39.5392 3.25355 -2.22436 
 1454 -39.5396 3.26369 -1.92047 
 1455 -39.5296 3.26369 -1.62 
 1456 -39.5396 3.26369 -1.31951 
 1457 -39.5396 3.26369 -0.989054 
 1458 -39.5396 3.27369 -0.688672 
 1459 -39.5396 3.27369 -0.358235 
 1460 -39.5496 3.27369 -0.0577688 
 1461 -39.5596 3.27369 0.693328 
 1462 -39.5596 3.26369 0.99371 
 1463 -39.5596 3.26369 1.29412 
 1464 -39.56 3.26368 1.59112 
 1465 -39.5597 3.25383 1.95133 
 1466 -39.5593 3.25409 2.26579 
 1467 -39.5591 3.24443 2.58695 
 1468 -39.5489 3.24521 2.89653 
 1469 -39.5388 3.2636 -3.07522 
 1470 -39.5386 3.25324 -2.68512 
 1471 -39.5386 3.25324 -2.38474 
 1472 -39.5386 3.25324 -2.08435 
 1473 -39.5286 3.26324 -1.78393 
 1474 -39.5386 3.26324 -1.48342 
 1475 -39.5286 3.27324 -1.18298 
 1476 -39.5386 3.27324 -0.88258 
 1477 -39.5386 3.27324 -0.582198 
 1478 -39.5486 3.27324 -0.251743 
 1479 -39.5486 3.27324 0.0487552 
 1480 -39.5586 3.27324 0.439344 
 1481 -39.5586 3.27324 0.739734 
 1482 -39.5586 3.27324 1.04012 
 1483 -39.5586 3.26324 1.34054 
 1484 -39.5586 3.26324 1.64104 
 1485 -39.5586 3.25324 1.94149 
 1486 -39.5583 3.25351 2.28755 
 1487 -39.5481 3.25385 2.61618 
 1488 -39.548 3.24464 2.94048 
 1489 -39.538 3.25504 -3.01535 
 1490 -39.5377 3.25479 -2.23777 
 1491 -39.5277 3.26479 -1.93737 
 1492 -39.5277 3.26479 -1.63691 
 1493 -39.5277 3.27479 -1.33642 
 1494 -39.538 3.26459 -1.03251 
 1495 -39.5378 3.27489 -0.705579 
 1496 -39.5378 3.27489 -0.405185 
 1497 -39.5478 3.27489 -0.104734 
 1498 -39.5478 3.27489 0.195762 
 1499 -39.5578 3.27489 0.616344 
 1500 -39.5578 3.27489 0.916726 
 1501 -39.5574 3.26475 1.22062 
 1502 -39.5578 3.25477 1.51759 
 1503 -39.5578 3.25477 1.81808 
 1504 -39.5578 3.25477 2.1185 
 1505 -39.5576 3.25509 2.46451 
 1506 -39.5473 3.25584 2.7978 
 1507 -39.5473 3.24624 3.11902 
 1508 -39.5374 3.25663 -2.86 
 1509 -39.5358 3.25432 -2.54866 
 1510 -39.5358 3.26432 -2.12812 
 1511 -39.5358 3.26432 -1.82771 
 1512 -39.5358 3.26432 -1.52721 
 1513 -39.5358 3.26432 -1.22674 
 1514 -39.5358 3.26432 -0.926342 
 1515 -39.5458 3.27432 -0.62596 
 1516 -39.5458 3.27432 -0.325556 
 1517 -39.5458 3.27432 -0.0250852 
 1518 -39.5458 3.27432 0.275403 
 1519 -39.5558 3.26432 0.575814 
 1520 -39.5558 3.26432 1.29676 
 1521 -39.5558 3.26432 1.59725 
 1522 -39.5558 3.25432 1.89772 
 1523 -39.5558 3.25432 2.19813 
 1524 -39.5558 3.25432 2.49912 
 1525 -39.5457 3.2547 2.81684 
 1526 -39.5457 3.2555 -3.13627 
 1527 -39.5358 3.25588 -2.82506 
 1528 -39.536 3.2562 -2.4886 
 1529 -39.5364 3.25639 -2.06458 
 1530 -39.536 3.26633 -1.73759 
 1531 -39.536 3.26633 -1.43709 
 1532 -39.536 3.27633 -1.13665 
 1533 -39.536 3.27633 -0.83626 
 1534 -39.536 3.27633 -0.535876 
 1535 -39.546 3.27633 -0.235457 
 1536 -39.546 3.27633 0.0650364 
 1537 -39.556 3.27633 0.365491 
 1538 -39.556 3.26633 0.665889 
 1539 -39.5556 3.25628 1.45045 
 1540 -39.556 3.25621 1.74746 
 1541 -39.5556 3.25639 2.05138 
 1542 -39.5559 3.25611 2.34827 
 1543 -39.5457 3.25647 2.70776 
 1544 -39.5457 3.25687 3.01994 
 1545 -39.5458 3.24727 -2.94482 
 1546 -39.5361 3.25779 -2.63085 
 1547 -39.5367 3.25833 -2.3028 
 1548 -39.5367 3.26833 -1.4315 
 1549 -39.5367 3.26833 -1.13106 
 1550 -39.5367 3.26833 -0.830675 
 1551 -39.5367 3.27833 -0.530291 
 1552 -39.5467 3.27833 -0.229871 
 1553 -39.5467 3.27833 0.0706304 
 1554 -39.5567 3.27833 0.371084 
 1555 -39.5567 3.26833 0.67148 
 1556 -39.5567 3.26833 0.971862 
 1557 -39.5567 3.26833 1.39245 
 1558 -39.5567 3.25833 1.69295 
 1559 -39.5567 3.25833 1.9934 
 1560 -39.5567 3.25833 2.29379 
 1561 -39.5467 3.24833 2.59417 
 1562 -39.5466 3.24872 2.94903 
 1563 -39.5466 3.24912 -2.98824 
 1564 -39.5368 3.24948 -2.67004 
 1565 -39.5371 3.25976 -2.35846 
 1566 -39.5378 3.2601 -1.99801 
 1567 -39.5278 3.2701 -1.18677 
 1568 -39.5378 3.2801 -0.886371 
 1569 -39.5378 3.2801 -0.585989 
 1570 -39.5478 3.2801 -0.285578 
 1571 -39.5478 3.2801 0.0149117 
 1572 -39.5478 3.2801 0.315381 
 1573 -39.5578 3.2801 0.615786 
 1574 -39.5478 3.2601 0.916168 
 1575 -39.5578 3.2701 1.21657 
 1576 -39.5578 3.2601 1.99778 
 1577 -39.5475 3.26037 2.30166 
 1578 -39.5475 3.26037 2.60204 
 1579 -39.5476 3.24998 2.89897 
 1580 -39.5477 3.25038 -3.04267 
 1581 -39.5378 3.25074 -2.72202 
 1582 -39.5384 3.25134 -2.40984 
 1583 -39.5377 3.26093 -2.11155 
 1584 -39.5561 3.2612 -1.40943 
 1585 -39.5357 3.27138 -1.11249 
 1586 -39.5357 3.28138 -0.8121 
 1587 -39.5459 3.27102 -0.478184 
 1588 -39.5459 3.27102 -0.177755 
 1589 -39.5459 3.27102 0.122748 
 1590 -39.5459 3.27102 0.423189 
 1591 -39.5459 3.26102 0.723581 
 1592 -39.5563 3.27123 1.02047 
 1593 -39.5559 3.26118 1.44457 
 1594 -39.5563 3.26111 1.74159 
 1595 -39.5563 3.25111 2.04202 
 1596 -39.5563 3.25111 2.34241 
 1597 -39.5563 3.25111 2.64279 
 1598 -39.5463 3.25111 2.94322 
 1599 -39.5463 3.25111 -2.98514 
 1600 -39.5364 3.25147 -2.67804 
 1601 -39.537 3.25204 -2.36316 
 1602 -39.5377 3.26241 -2.04262 
 1603 -39.5381 3.26246 -1.68085 
 1604 -39.5381 3.27246 -1.20007 
 1605 -39.5381 3.27246 -0.899674 
 1606 -39.5381 3.27246 -0.599292 
 1607 -39.5481 3.27246 -0.298884 
 1608 -39.5481 3.27246 0.00159417 
 1609 -39.5481 3.27246 0.302065 
 1610 -39.5481 3.27246 0.602472 
 1611 -39.5581 3.27246 0.902854 
 1612 -39.5581 3.26246 1.20325 
 1613 -39.5581 3.26246 1.50372 
 1614 -39.5481 3.25246 2.37497 
 1615 -39.5481 3.25246 2.67536 
 1616 -39.5481 3.25246 2.9758 
 1617 -39.5481 3.25246 -3.00689 
 1618 -39.5383 3.25281 -2.66605 
 1619 -39.5386 3.25309 -2.34547 
 1620 -39.5389 3.26328 -2.03722 
 1621 -39.5385 3.26321 -1.73682 
 1622 -39.5574 3.24347 -1.35608 
 1623 -39.547 3.26368 -1.0291 
 1624 -39.547 3.26368 -0.72872 
 1625 -39.5469 3.27404 -0.431819 
 1626 -39.5469 3.27404 -0.131377 
 1627 -39.5469 3.27404 0.22922 
 1628 -39.5569 3.27404 0.529639 
 1629 -39.5569 3.27404 0.830023 
 1630 -39.5569 3.26404 1.13041 
 1631 -39.5569 3.26404 1.43085 
 1632 -39.5572 3.25392 1.87809 
 1633 -39.5569 3.25416 2.21202 
 1634 -39.5569 3.25416 2.51241 
 1635 -39.5469 3.25416 2.81281 
 1636 -39.5469 3.25416 3.11328 
 1637 -39.5369 3.25416 -2.86941 
 1638 -39.5472 3.25449 -2.5213 
 1639 -39.5375 3.25472 -2.18964 
 1640 -39.5379 3.26484 -1.86659 
 1641 -39.5387 3.26481 -1.53603 
 1642 -39.5487 3.26481 -0.634789 
 1643 -39.5487 3.27481 -0.334386 
 1644 -39.5487 3.26481 -0.0339173 
 1645 -39.5487 3.27481 0.26658 
 1646 -39.5487 3.26481 0.566992 
 1647 -39.5487 3.26481 0.867375 
 1648 -39.5487 3.26481 1.16777 
 1649 -39.5487 3.26481 1.46822 
 1650 -39.5587 3.26481 1.76871 
 1651 -39.5487 3.25481 2.63987 
 1652 -39.5487 3.25481 2.94029 
 1653 -39.5486 3.24442 -3.04588 
 1654 -39.5388 3.25479 -2.74194 
 1655 -39.5388 3.25479 -2.3932 
 1656 -39.5391 3.25497 -2.05224 
 1657 -39.5399 3.26511 -1.73565 
 1658 -39.5403 3.26505 -1.42218 
 1659 -39.5275 3.28654 -1.10222 
 1660 -39.5377 3.27621 -0.618111 
 1661 -39.5477 3.27621 -0.317706 
 1662 -39.5477 3.27621 -0.0172306 
 1663 -39.5477 3.27621 0.283248 
 1664 -39.5477 3.27621 0.583657 
 1665 -39.5577 3.26621 0.884039 
 1666 -39.5577 3.26621 1.18444 
 1667 -39.5577 3.26621 1.48489 
 1668 -39.5577 3.25621 1.78539 
 1669 -39.5577 3.25621 2.08581 
 1670 -39.5477 3.25621 2.92693 
 1671 -39.5477 3.25621 -3.05576 
 1672 -39.5377 3.25621 -2.75531 
 1673 -39.5377 3.25621 -2.455 
 1674 -39.5381 3.25642 -2.11268 
 1675 -39.5385 3.26651 -1.79095 
 1676 -39.5393 3.26643 -1.47747 
 1677 -39.54 3.26609 -1.12791 
 1678 -39.54 3.27609 -0.587209 
 1679 -39.55 3.27609 -0.2868 
 1680 -39.55 3.27609 0.0136755 
 1681 -39.55 3.27609 0.314147 
 1682 -39.55 3.27609 0.614552 
 1683 -39.56 3.26609 0.914933 
 1684 -39.56 3.26609 1.21533 
 1685 -39.56 3.26609 1.5188 
 1686 -39.56 3.25609 1.8193 
 1687 -39.56 3.25609 2.11971 
 1688 -39.55 3.25609 3.02093 
 1689 -39.54 3.25609 -2.96176 
 1690 -39.54 3.25609 -2.65833 
 1691 -39.54 3.25609 -2.35794 
 1692 -39.5403 3.25626 -2.00679 
 1693 -39.5407 3.2663 -1.668 
 1694 -39.5411 3.26622 -1.35849 
 1695 -39.5415 3.26601 -1.0341 
 1696 -39.542 3.28541 -0.714213 
 1697 -39.5421 3.27502 -0.260117 
 1698 -39.5421 3.27502 0.0403775 
 1699 -39.5522 3.2754 0.33735 
 1700 -39.552 3.27508 0.641241 
 1701 -39.552 3.26508 0.941622 
 1702 -39.552 3.26508 1.24203 
 1703 -39.552 3.26508 1.5425 
 1704 -39.5624 3.25497 1.8395 
 1705 -39.5521 3.25519 2.1434 
 1706 -39.5521 3.25519 2.44378 
 1707 -39.5421 3.25519 -2.96811 
 1708 -39.5421 3.25519 -2.66767 
 1709 -39.5421 3.25519 -2.36729 
 1710 -39.5421 3.26519 -2.0669 
 1711 -39.5321 3.26519 -1.7321 
 1712 -39.5328 3.26506 -1.41196 
 1713 -39.5332 3.28488 -1.08938 
 1714 -39.534 3.28402 -0.770063 
 1715 -39.554 3.28362 0.19487 
 1716 -39.554 3.27362 0.495296 
 1717 -39.554 3.27362 0.795682 
 1718 -39.554 3.26362 1.09607 
 1719 -39.554 3.26362 1.3965 
 1720 -39.554 3.26362 1.697 
 1721 -39.554 3.25362 1.99744 
 1722 -39.554 3.25362 2.29783 
 1723 -39.554 3.25362 2.8085 
 1724 -39.544 3.25362 3.10897 
 1725 -39.544 3.25362 -2.87373 
 1726 -39.544 3.25362 -2.57332 
 1727 -39.534 3.25362 -2.27294 
 1728 -39.534 3.26362 -1.97254 
 1729 -39.5344 3.26365 -1.62274 
 1730 -39.5344 3.27365 -1.29146 
 1731 -39.5347 3.28343 -0.986656 
 1732 -39.535 3.28311 -0.682715 
 1733 -39.5452 3.28236 -0.345641 
 1734 -39.555 3.27202 0.559221 
 1735 -39.555 3.27202 0.889641 
 1736 -39.5554 3.26217 1.18655 
 1737 -39.555 3.26214 1.49049 
 1738 -39.555 3.26214 1.79099 
 1739 -39.555 3.26214 2.09141 
 1740 -39.555 3.26214 2.39179 
 1741 -39.545 3.25214 2.69218 
 1742 -39.545 3.25214 -3.14031 
 1743 -39.545 3.26214 -2.80979 
 1744 -39.545 3.26214 -2.50939 
 1745 -39.535 3.26214 -2.20901 
 1746 -39.535 3.26214 -1.9086 
 1747 -39.535 3.27214 -1.5524 
 1748 -39.5354 3.27201 -1.23958 
 1749 -39.5357 3.28177 -0.935871 
 1750 -39.5359 3.28144 -0.624337 
 1751 -39.5467 3.25915 -0.303394 
 1752 -39.5467 3.26915 -0.00339386 
 1753 -39.5467 3.27915 0.296606 
 1754 -39.5567 3.27915 0.596607 
 1755 -39.5564 3.2789 0.9001 
 1756 -39.546 3.26876 1.20359 
 1757 -39.546 3.26876 1.50359 
 1758 -39.5456 3.26885 1.80708 
 1759 -39.5456 3.26885 2.10709 
 1760 -39.5453 3.26915 2.41058 
