 0 0 0 5.22581e-05 
 1 0.04368 0.0440682 0.307455 
 2 0.0368698 0.0797903 0.626263 
 3 0.058295 0.153737 0.920317 
 4 0.0864278 0.272871 1.22372 
 5 0.0667256 0.38605 1.53202 
 6 0.0133536 0.53588 1.84408 
 7 -0.127926 0.812612 2.05011 
 8 -0.266928 1.09117 2.02167 
 9 -0.382437 1.37858 1.94104 
 10 -0.482161 1.67364 1.89527 
 11 -0.566513 1.97856 1.83893 
 12 -0.656263 2.19583 2.16619 
 13 -0.681851 2.17211 2.47081 
 14 -0.744317 2.15994 2.77975 
 15 -0.862927 2.15038 3.09196 
 16 -0.975281 2.10532 -2.88002 
 17 -1.06038 2.02803 -2.58066 
 18 -1.13339 1.92009 -2.27204 
 19 -1.19524 1.75009 -1.9626 
 20 -1.26294 1.46057 -1.80917 
 21 -1.32544 1.15459 -1.77414 
 22 -1.37987 0.842589 -1.7441 
 23 -1.43201 0.538201 -1.74766 
 24 -1.51991 0.237209 -1.89208 
 25 -1.66527 -0.015789 -2.06654 
 26 -1.66468 -0.126147 -1.75363 
 27 -1.6324 -0.245614 -1.42492 
 28 -1.56619 -0.337804 -1.1138 
 29 -1.46231 -0.424593 -0.795031 
 30 -1.30837 -0.49473 -0.48077 
 31 -1.01109 -0.580038 -0.265829 
 32 -0.709501 -0.644043 -0.208287 
 33 -0.407075 -0.709441 -0.229852 
 34 -0.115671 -0.813915 -0.36532 
 35 0.161953 -0.947941 -0.456257 
 36 0.427627 -1.0878 -0.485782 
 37 0.700705 -1.23458 -0.493555 
 38 0.973364 -1.38257 -0.497694 
 39 1.24698 -1.52838 -0.489168 
 40 1.53243 -1.66073 -0.434399 
 41 1.72918 -1.7763 -0.714368 
 42 1.70108 -1.8098 -1.03429 
 43 1.67682 -1.82331 -1.35588 
 44 1.64019 -1.82531 -1.67626 
 45 1.59637 -1.84419 -1.99689 
 46 1.50983 -1.90842 -2.32294 
 47 1.38694 -1.95139 -2.64183 
 48 1.26494 -1.95813 -2.96531 
 49 1.12311 -1.9252 2.99899 
 50 0.844425 -1.80259 2.77078 
 51 0.537077 -1.71494 2.87646 
 52 0.230672 -1.66637 3.00456 
 53 -0.0783471 -1.65147 3.09954 
 54 -0.388411 -1.65042 -3.13871 
 55 -0.696688 -1.66909 -3.11093 
 56 -1.00703 -1.67695 -3.11763 
 57 -1.31557 -1.68265 -3.12339 
 58 -1.62579 -1.68634 -3.13084 
 59 -1.93423 -1.69585 -3.10735 
 60 -2.24428 -1.70844 -3.10276 
 61 -2.55349 -1.71851 -3.11018 
 62 -2.87251 -1.73302 -3.09352 
 63 -3.18099 -1.74655 -3.09878 
 64 -3.49091 -1.76342 -3.07342 
 65 -3.78502 -1.85802 -2.77207 
 66 -4.00411 -2.02233 -2.46826 
 67 -4.20222 -2.25263 -2.26002 
 68 -4.37723 -2.50418 -2.17283 
 69 -4.54182 -2.7685 -2.13862 
 70 -4.58504 -2.77236 -2.42923 
 71 -4.60378 -2.74228 -2.74233 
 72 -4.75977 -2.73956 -3.05011 
 73 -5.07862 -2.6941 3.0431 
 74 -5.38701 -2.67482 3.04419 
 75 -5.69485 -2.64594 3.04775 
 76 -6.0031 -2.61744 3.04571 
 77 -6.30928 -2.58805 3.04867 
 78 -6.60622 -2.55576 3.02412 
 79 -6.85303 -2.59008 -2.95243 
 80 -7.13319 -2.7265 -2.67625 
 81 -7.40622 -2.8716 -2.6663 
 82 -7.68884 -2.99907 -2.72135 
 83 -7.97813 -3.11581 -2.76892 
 84 -8.27378 -3.20881 -2.84162 
 85 -8.57147 -3.29752 -2.85161 
 86 -8.86903 -3.37837 -2.88179 
 87 -9.17023 -3.45465 -2.88472 
 88 -9.22878 -3.43399 3.11195 
 89 -9.24192 -3.40812 2.7897 
 90 -9.23385 -3.376 2.46812 
 91 -9.1969 -3.3515 2.14981 
 92 -9.16328 -3.32659 1.83174 
 93 -9.13684 -3.32296 1.50813 
 94 -9.09784 -3.32151 1.18759 
 95 -9.02128 -3.26798 0.865161 
 96 -8.89885 -3.21699 0.550931 
 97 -8.77443 -3.20307 0.226 
 98 -8.60476 -3.22618 -0.0881984 
 99 -8.31396 -3.31377 -0.256635 
 100 -8.00009 -3.36839 -0.158681 
 101 -7.69076 -3.38956 -0.049875 
 102 -7.38127 -3.39785 -0.0177956 
 103 -7.07784 -3.39466 -0.0226622 
 104 -6.76815 -3.39961 -0.00988359 
 105 -6.45876 -3.40895 -0.052406 
 106 -6.16432 -3.49796 -0.360002 
 107 -6.01322 -3.61875 -0.657912 
 108 -5.90741 -3.79041 -0.967713 
 109 -5.80955 -4.07401 -1.27114 
 110 -5.73986 -4.37478 -1.34119 
 111 -5.67176 -4.67908 -1.35552 
 112 -5.59502 -4.98538 -1.30015 
 113 -5.49267 -5.17769 -0.991021 
 114 -5.46609 -5.14359 -0.677789 
 115 -5.44409 -5.11509 -0.353576 
 116 -5.44713 -5.09108 -0.0400953 
 117 -5.45137 -5.0552 0.271965 
 118 -5.47077 -5.01997 0.58639 
 119 -5.43303 -4.9454 0.895094 
 120 -5.41386 -4.82729 1.20609 
 121 -5.42089 -4.70178 1.51506 
 122 -5.47125 -4.57249 1.83778 
 123 -5.62586 -4.31888 2.07149 
 124 -5.75958 -4.02776 2.00086 
 125 -5.90145 -3.75168 2.08553 
 126 -6.10058 -3.55533 2.38871 
 127 -6.32006 -3.42944 2.7015 
 128 -6.62712 -3.37426 2.93656 
 129 -6.92427 -3.33314 3.01449 
 130 -7.23273 -3.31437 3.09474 
 131 -7.54577 -3.33664 -3.04713 
 132 -7.84328 -3.35898 -3.08375 
 133 -8.16289 -3.36374 -3.12697 
 134 -8.4678 -3.37459 -3.05112 
 135 -8.76759 -3.47173 -2.77339 
 136 -8.76042 -3.50806 -2.45785 
 137 -8.79611 -3.60857 -2.14419 
 138 -8.85751 -3.86217 -1.83873 
 139 -8.84391 -4.10225 -1.53119 
 140 -8.76309 -4.34076 -1.22861 
 141 -8.59853 -4.60258 -0.984913 
 142 -8.40267 -4.84265 -0.882224 
 143 -8.19827 -5.07719 -0.857432 
 144 -7.98976 -5.30775 -0.861568 
 145 -7.88726 -5.47995 -1.17602 
 146 -7.93194 -5.4884 -1.47726 
 147 -7.96854 -5.49596 -1.80454 
 148 -7.99225 -5.48198 -2.1267 
 149 -8.02894 -5.46907 -2.43371 
 150 -8.0476 -5.43881 -2.74412 
 151 -8.09537 -5.40845 -3.05883 
 152 -8.21858 -5.36674 2.91115 
 153 -8.31389 -5.27972 2.58753 
 154 -8.38217 -5.17656 2.27369 
 155 -8.50113 -4.89183 1.98011 
 156 -8.64563 -4.61143 2.07635 
 157 -8.79015 -4.33753 2.02956 
 158 -8.87539 -4.02807 1.82968 
 159 -8.97864 -3.7373 1.96965 
 160 -9.12025 -3.57574 2.26745 
 161 -9.30233 -3.46195 2.58139 
 162 -9.5967 -3.36869 2.86388 
 163 -9.89826 -3.32521 3.01876 
 164 -10.2069 -3.3116 3.10943 
 165 -10.5072 -3.30954 3.13693 
 166 -10.8258 -3.31124 -3.13956 
 167 -11.1355 -3.305 3.11749 
 168 -11.4457 -3.29137 3.08312 
 169 -11.7538 -3.26817 3.06682 
 170 -12.0577 -3.24026 3.04948 
 171 -12.3511 -3.17435 2.77402 
 172 -12.4761 -3.14864 3.07022 
 173 -12.6031 -3.20211 -2.90624 
 174 -12.7872 -3.32634 -2.59398 
 175 -13.0197 -3.53193 -2.40221 
 176 -13.2375 -3.75472 -2.34525 
 177 -13.4522 -3.97458 -2.34829 
 178 -13.673 -4.19103 -2.37118 
 179 -13.8933 -4.39918 -2.38587 
 180 -14.1244 -4.61306 -2.39218 
 181 -14.3087 -4.70115 -2.70207 
 182 -14.607 -4.73488 -2.94652 
 183 -14.9121 -4.79124 -3.00144 
 184 -15.2107 -4.82479 -3.03265 
 185 -15.5205 -4.85257 -3.06044 
 186 -15.826 -4.89331 -2.98325 
 187 -16.1241 -4.97497 -2.85883 
 188 -16.4173 -5.07129 -2.82684 
 189 -16.7205 -5.17129 -2.85443 
 190 -17.013 -5.22622 -3.00714 
 191 -17.3147 -5.18585 3.05582 
 192 -17.6228 -5.15809 3.04905 
 193 -17.9305 -5.1296 3.04551 
 194 -18.2384 -5.09871 3.04739 
 195 -18.5468 -5.06418 3.01951 
 196 -18.853 -5.01677 2.98235 
 197 -19.1607 -4.96665 2.97132 
 198 -19.467 -4.91206 3.05058 
 199 -19.6191 -4.95666 -2.91752 
 200 -19.8488 -5.09502 -2.60531 
 201 -20.1065 -5.26908 -2.54997 
 202 -20.3703 -5.44291 -2.59957 
 203 -20.6464 -5.583 -2.68201 
 204 -20.9267 -5.70164 -2.71374 
 205 -21.212 -5.83268 -2.74516 
 206 -21.5029 -5.93987 -2.79289 
 207 -21.8079 -6.03085 -2.84547 
 208 -22.0982 -6.113 -2.87228 
 209 -22.2804 -6.11834 3.11048 
 210 -22.2957 -6.07856 2.78954 
 211 -22.3088 -6.02388 2.47193 
 212 -22.355 -5.92001 2.14535 
 213 -22.37 -5.78894 1.82232 
 214 -22.3461 -5.66711 1.49894 
 215 -22.2767 -5.5594 1.18849 
 216 -22.0727 -5.33798 0.880756 
 217 -21.8906 -5.08483 0.946935 
 218 -21.8639 -4.92905 1.26156 
 219 -21.8732 -4.74792 1.58058 
 220 -21.9279 -4.44414 1.73856 
 221 -21.9717 -4.13773 1.70325 
 222 -22.0133 -3.83069 1.71588 
 223 -22.0544 -3.52262 1.71409 
 224 -22.1244 -3.21938 1.78021 
 225 -22.2048 -2.91845 1.82698 
 226 -22.2631 -2.61357 1.74589 
 227 -22.285 -2.30456 1.63093 
 228 -22.2941 -1.9996 1.60108 
 229 -22.2991 -1.69017 1.58044 
 230 -22.3001 -1.38016 1.57279 
 231 -22.2975 -1.07092 1.55653 
 232 -22.2633 -0.75209 1.42022 
 233 -22.1681 -0.545072 1.1251 
 234 -22.0337 -0.406303 0.815533 
 235 -21.8543 -0.315916 0.51551 
 236 -21.56 -0.218276 0.308949 
 237 -21.2645 -0.125543 0.3043 
 238 -20.954 -0.104258 0.0122029 
 239 -20.6462 -0.13252 -0.0847183 
 240 -20.3383 -0.160908 -0.0887316 
 241 -20.0285 -0.181014 -0.0577538 
 242 -19.7197 -0.174536 0.0288804 
 243 -19.4098 -0.165522 0.0327803 
 244 -19.1012 -0.15579 0.0250893 
 245 -18.7923 -0.129252 0.109551 
 246 -18.4972 -0.0324787 0.367343 
 247 -18.2531 0.140347 0.677896 
 248 -18.2799 0.17461 0.990357 
 249 -18.3219 0.179144 1.2934 
 250 -18.3464 0.183515 1.6041 
 251 -18.3904 0.177152 1.89936 
 252 -18.4236 0.159329 2.21785 
 253 -18.4639 0.13422 2.52891 
 254 -18.5826 0.155469 2.83934 
 255 -18.6949 0.140098 -3.13526 
 256 -18.984 0.0441665 -2.87961 
 257 -19.2899 -0.00287717 -2.98178 
 258 -19.5959 -0.044491 -3.00898 
 259 -19.8993 -0.0731774 -3.1301 
 260 -20.1159 -0.00130745 2.83931 
 261 -20.2285 0.0904081 2.53383 
 262 -20.3075 0.213412 2.21959 
 263 -20.3626 0.396184 1.9107 
 264 -20.3818 0.704558 1.64243 
 265 -20.3948 1.02403 1.61326 
 266 -20.4008 1.32316 1.58544 
 267 -20.4028 1.64318 1.57447 
 268 -20.4394 1.852 1.87067 
 269 -20.4624 1.83566 2.1954 
 270 -20.4878 1.81051 2.50399 
 271 -20.5045 1.77847 2.81593 
 272 -20.5105 1.74259 3.13363 
 273 -20.5105 1.70528 -2.83554 
 274 -20.5356 1.65644 -2.5289 
 275 -20.5846 1.55275 -2.21854 
 276 -20.6125 1.43266 -1.91041 
 277 -20.606 1.28624 -1.60556 
 278 -20.5455 0.981675 -1.37509 
 279 -20.4805 0.678536 -1.36638 
 280 -20.4145 0.375637 -1.3418 
 281 -20.2847 0.0936501 -1.07872 
 282 -20.1224 -0.0660275 -0.770137 
 283 -19.9285 -0.144398 -0.456007 
 284 -19.6854 -0.18656 -0.151915 
 285 -19.375 -0.190928 0.00441492 
 286 -19.0651 -0.173569 0.0567444 
 287 -18.7583 -0.121482 0.167182 
 288 -18.4965 -0.0043257 0.47862 
 289 -18.3333 0.146993 0.792899 
 290 -18.2401 0.360152 1.10174 
 291 -18.1668 0.651239 1.36798 
 292 -18.1458 0.96059 1.51808 
 293 -18.1471 1.27985 1.5784 
 294 -18.156 1.59004 1.60341 
 295 -18.1983 1.78986 1.89489 
 296 -18.2294 1.77381 2.20023 
 297 -18.244 1.73939 2.50665 
 298 -18.2837 1.7169 2.81918 
 299 -18.3188 1.68834 3.11463 
 300 -18.334 1.6499 -2.85913 
 301 -18.3551 1.60426 -2.5435 
 302 -18.4098 1.50512 -2.22678 
 303 -18.4303 1.37406 -1.90194 
 304 -18.4202 1.23381 -1.59243 
 305 -18.4495 1.00733 -1.86749 
 306 -18.4706 1.05614 -2.16529 
 307 -18.4976 1.08167 -2.49001 
 308 -18.5149 1.10397 -2.80648 
 309 -18.5313 1.15005 -3.13006 
 310 -18.5255 1.17723 2.82102 
 311 -18.519 1.21916 2.50347 
 312 -18.4775 1.22621 2.1968 
 313 -18.4515 1.24333 1.8798 
 314 -18.4175 1.24877 1.58591 
 315 -18.3816 1.2536 1.27293 
 316 -18.3487 1.22741 0.952944 
 317 -18.3226 1.2117 0.633021 
 318 -18.2649 1.20018 0.312235 
 319 -18.1988 1.17254 -0.00941554 
 320 -18.1618 1.12974 -0.330915 
 321 -18.1065 1.05683 -0.651572 
 322 -18.0525 0.93775 -0.983512 
 323 -18.0337 0.815378 -1.29707 
 324 -18.0591 0.646439 -1.61321 
 325 -18.1433 0.357759 -1.88543 
 326 -18.3056 0.0827678 -2.18084 
 327 -18.4837 -0.0461419 -2.49116 
 328 -18.6887 -0.117324 -2.8126 
 329 -19.0085 -0.139331 -3.06044 
 330 -19.3173 -0.154984 -3.1072 
 331 -19.6277 -0.150001 3.11851 
 332 -19.9311 -0.141763 3.11559 
 333 -20.2402 -0.144326 3.11664 
 334 -20.5494 -0.137198 3.12404 
 335 -20.8576 -0.136704 -3.13736 
 336 -21.1651 -0.170141 -3.02767 
 337 -21.4739 -0.202497 -3.04224 
 338 -21.7923 -0.213614 3.06392 
 339 -21.9701 -0.140167 2.76774 
 340 -22.1065 -0.0103061 2.44858 
 341 -22.1953 0.139197 2.14469 
 342 -22.2496 0.358598 1.83205 
 343 -22.2655 0.688562 1.65029 
 344 -22.2857 0.981157 1.63412 
 345 -22.2978 1.2911 1.59931 
 346 -22.2965 1.60074 1.56344 
 347 -22.2921 1.91061 1.55729 
 348 -22.2866 2.21991 1.5511 
 349 -22.2795 2.52985 1.55005 
 350 -22.2751 2.83912 1.55741 
 351 -22.271 3.15925 1.56145 
 352 -22.2704 3.4599 1.57059 
 353 -22.2776 3.78113 1.5949 
 354 -22.2834 4.10047 1.58844 
 355 -22.2898 4.41032 1.59619 
 356 -22.2959 4.71988 1.58982 
 357 -22.3023 5.03987 1.59703 
 358 -22.308 5.33266 1.58887 
 359 -22.3094 5.64268 1.5735 
 360 -22.3093 5.9463 1.56988 
 361 -22.312 6.26615 1.58395 
 362 -22.3125 6.57574 1.57336 
 363 -22.3129 6.88577 1.57016 
 364 -22.3108 7.18925 1.56307 
 365 -22.3079 7.49826 1.56459 
 366 -22.3041 7.80825 1.5574 
 367 -22.3015 8.11711 1.56845 
 368 -22.3052 8.42807 1.57922 
 369 -22.3086 8.74704 1.58858 
 370 -22.3122 9.05708 1.58156 
 371 -22.3146 9.36622 1.57411 
 372 -22.2899 9.66717 1.46424 
 373 -22.2127 9.96067 1.1588 
 374 -22.1024 10.0572 0.860919 
 375 -21.9507 10.1291 0.537707 
 376 -21.7381 10.1754 0.222603 
 377 -21.4068 10.1835 0.0609295 
 378 -21.0969 10.2002 0.0536601 
 379 -20.785 10.2051 0.0176345 
 380 -20.4735 10.2054 -0.00053564 
 381 -20.1622 10.203 -0.00863591 
 382 -19.8405 10.1986 -0.0145245 
 383 -19.5376 10.193 -0.0173317 
 384 -19.2575 10.2354 0.242466 
 385 -19.1597 10.3105 0.547051 
 386 -19.0919 10.4205 0.86025 
 387 -19.0105 10.6651 1.17468 
 388 -18.8662 10.9387 1.05758 
 389 -18.6714 11.182 0.848755 
 390 -18.4327 11.3806 0.681452 
 391 -18.1718 11.5513 0.55853 
 392 -17.8866 11.6727 0.350899 
 393 -17.5741 11.7302 0.173995 
 394 -17.2579 11.7783 0.152444 
 395 -16.9544 11.7898 -0.0015459 
 396 -16.649 11.7348 -0.20835 
 397 -16.3576 11.6256 -0.378526 
 398 -16.0783 11.4911 -0.456132 
 399 -15.807 11.352 -0.477222 
 400 -15.5348 11.2191 -0.485372 
 401 -15.2604 11.0748 -0.482226 
 402 -14.9837 10.932 -0.474732 
 403 -14.7096 10.7976 -0.453025 
 404 -14.4267 10.6705 -0.414817 
 405 -14.1345 10.568 -0.309613 
 406 -13.833 10.4976 -0.218121 
 407 -13.5288 10.4403 -0.179351 
 408 -13.2221 10.3948 -0.137572 
 409 -12.9102 10.3588 -0.127144 
 410 -12.6082 10.2875 -0.250954 
 411 -12.3201 10.1672 -0.547685 
 412 -12.215 10.0365 -0.846727 
 413 -12.1472 9.86283 -1.15504 
 414 -12.1122 9.54114 -1.43626 
 415 -12.0885 9.23192 -1.50043 
 416 -12.0733 8.92226 -1.53775 
 417 -12.0672 8.60179 -1.55863 
 418 -12.0744 8.27226 -1.55895 
 419 -12.0727 7.97075 -1.56536 
 420 -12.0725 7.67964 -1.5707 
 421 -12.0666 7.34834 -1.55304 
 422 -12.0561 7.0262 -1.53356 
 423 -12.0471 6.7147 -1.53857 
 424 -12.0417 6.40892 -1.55397 
 425 -12.038 6.09826 -1.5605 
 426 -12.0366 5.78795 -1.56699 
 427 -12.0348 5.47862 -1.56305 
 428 -12.0336 5.16905 -1.56741 
 429 -12.0324 4.85894 -1.56301 
 430 -12.0313 4.54923 -1.56893 
 431 -12.0279 4.23998 -1.55114 
 432 -12.0201 3.93594 -1.54887 
 433 -12.0144 3.61655 -1.55414 
 434 -12.0062 3.30638 -1.53667 
 435 -11.9924 3.00624 -1.52547 
 436 -11.9806 2.70239 -1.53289 
 437 -11.9704 2.39289 -1.53915 
 438 -11.9603 2.07879 -1.53478 
 439 -11.9571 1.7697 -1.59257 
 440 -12.0249 1.55656 -1.89269 
 441 -12.1385 1.41334 -2.19285 
 442 -12.2889 1.31728 -2.49678 
 443 -12.4874 1.25546 -2.79872 
 444 -12.4939 1.27242 -3.11129 
 445 -12.4893 1.31889 2.85507 
 446 -12.4835 1.35202 2.53486 
 447 -12.4581 1.37856 2.21472 
 448 -12.4259 1.40577 1.89454 
 449 -12.38 1.41206 1.57666 
 450 -12.3451 1.40717 1.25851 
 451 -12.3133 1.39115 0.940308 
 452 -12.105 1.57335 0.944756 
 453 -12.0174 1.86202 1.24195 
 454 -11.9696 2.17812 1.4395 
 455 -11.9609 2.48779 1.55077 
 456 -11.9694 2.79815 1.59611 
 457 -11.9801 3.10796 1.60491 
 458 -11.9881 3.418 1.59899 
 459 -11.9943 3.73831 1.58848 
 460 -11.9998 4.04286 1.58688 
 461 -12.0051 4.35299 1.58608 
 462 -12.0061 4.64789 1.57427 
 463 -12.0019 4.96941 1.54893 
 464 -11.9947 5.28966 1.55074 
 465 -11.9853 5.60136 1.53247 
 466 -11.9684 5.90303 1.51693 
 467 -11.9521 6.21415 1.51682 
 468 -11.9369 6.54529 1.52227 
 469 -11.9229 6.85486 1.52279 
 470 -11.9091 7.16472 1.52545 
 471 -11.9015 7.47426 1.54639 
 472 -11.9003 7.7849 1.56609 
 473 -11.8944 8.0947 1.58854 
 474 -11.9065 8.40835 1.61159 
 475 -11.9345 8.71638 1.65964 
 476 -11.9593 9.02497 1.6415 
 477 -11.9753 9.33387 1.61779 
 478 -12.0054 9.63538 1.68717 
 479 -12.0977 9.93103 1.91241 
 480 -12.2727 10.1887 2.2058 
 481 -12.4996 10.4025 2.40332 
 482 -12.7432 10.587 2.49595 
 483 -12.9949 10.7677 2.51896 
 484 -13.2429 10.9449 2.5179 
 485 -13.5037 11.1265 2.51291 
 486 -13.7523 11.3111 2.50154 
 487 -14.0002 11.4959 2.50086 
 488 -14.2441 11.6772 2.50574 
 489 -14.4905 11.8484 2.5349 
 490 -14.7302 12.0471 2.41917 
 491 -14.9314 12.2839 2.24936 
 492 -15.1017 12.5343 2.16156 
 493 -15.2675 12.8033 2.14064 
 494 -15.4287 13.0493 2.12869 
 495 -15.5915 13.3226 2.12366 
 496 -15.7529 13.5801 2.13218 
 497 -15.9498 13.8182 2.44254 
 498 -15.9586 13.7869 2.7626 
 499 -15.9665 13.751 3.08278 
 500 -15.9627 13.7142 -2.87858 
 501 -15.9376 13.6809 -2.55852 
 502 -15.913 13.6639 -2.23861 
 503 -15.881 13.6464 -1.91892 
 504 -15.8451 13.6397 -1.59909 
 505 -15.8091 13.6548 -1.27923 
 506 -15.7762 13.6709 -0.959354 
 507 -15.75 13.6964 -0.639544 
 508 -15.7432 13.7286 -0.319759 
 509 -15.7376 13.7628 -0.0158281 
 510 -15.7432 13.799 0.304128 
 511 -15.7695 13.8314 0.624383 
 512 -15.7952 13.8472 0.94457 
 513 -15.8278 13.8635 1.26479 
 514 -15.864 13.8686 1.58518 
 515 -15.9 13.862 1.90556 
 516 -15.9309 13.8354 2.21962 
 517 -15.993 13.8532 2.52391 
 518 -16.111 13.8656 2.83011 
 519 -16.2321 13.8514 3.13895 
 520 -16.335 13.8015 -2.84158 
 521 -16.4371 13.7124 -2.51808 
 522 -16.6234 13.4675 -2.21481 
 523 -16.825 13.2215 -2.30815 
 524 -17.0571 13.025 -2.45958 
 525 -17.3126 12.8512 -2.55582 
 526 -17.5786 12.688 -2.57837 
 527 -17.8401 12.5246 -2.58361 
 528 -18.0971 12.3651 -2.58859 
 529 -18.3601 12.2023 -2.58854 
 530 -18.6182 12.0423 -2.58784 
 531 -18.8812 11.8799 -2.59099 
 532 -19.14 11.722 -2.59529 
 533 -19.4048 11.5619 -2.59951 
 534 -19.665 11.4054 -2.60112 
 535 -19.9308 11.2458 -2.60131 
 536 -20.2089 11.1055 -2.6653 
 537 -20.4832 10.9643 -2.66181 
 538 -20.7554 10.8184 -2.64895 
 539 -21.0276 10.6679 -2.63412 
 540 -21.2984 10.514 -2.62483 
 541 -21.5687 10.359 -2.62112 
 542 -21.832 10.1947 -2.56143 
 543 -22.0504 9.97531 -2.30394 
 544 -22.1742 9.72377 -1.99502 
 545 -22.2508 9.42342 -1.7945 
 546 -22.2842 9.11538 -1.6608 
 547 -22.2917 8.8119 -1.59172 
 548 -22.2892 8.50218 -1.56192 
 549 -22.285 8.19831 -1.55665 
 550 -22.2799 7.88845 -1.55209 
 551 -22.2724 7.56905 -1.5479 
 552 -22.2637 7.25956 -1.54485 
 553 -22.2575 6.94621 -1.55163 
 554 -22.2551 6.63639 -1.56168 
 555 -22.2535 6.3341 -1.56637 
 556 -22.2553 6.02474 -1.58014 
 557 -22.2616 5.72139 -1.59376 
 558 -22.2734 5.41201 -1.6065 
 559 -22.2808 5.10275 -1.59281 
 560 -22.2816 4.7937 -1.57239 
 561 -22.2802 4.48379 -1.56645 
 562 -22.2804 4.17385 -1.57181 
 563 -22.2813 3.87072 -1.57395 
 564 -22.2806 3.56064 -1.56661 
 565 -22.2778 3.25015 -1.56096 
 566 -22.2762 2.94101 -1.56689 
 567 -22.2763 2.63751 -1.57146 
 568 -22.2801 2.32762 -1.58173 
 569 -22.2827 2.0146 -1.58012 
 570 -22.2859 1.70523 -1.57801 
 571 -22.2837 1.40152 -1.56322 
 572 -22.2803 1.09237 -1.56141 
 573 -22.2779 0.782461 -1.56204 
 574 -22.2781 0.472503 -1.57172 
 575 -22.2764 0.16373 -1.56637 
 576 -22.2737 -0.14585 -1.56255 
 577 -22.2753 -0.45025 -1.57647 
 578 -22.2802 -0.759526 -1.58274 
 579 -22.2785 -1.06274 -1.56467 
 580 -22.2673 -1.37312 -1.52253 
 581 -22.2375 -1.67449 -1.47558 
 582 -22.2079 -1.98223 -1.47652 
 583 -22.1811 -2.28419 -1.48291 
 584 -22.152 -2.59438 -1.4682 
 585 -22.0901 -2.81099 -1.16358 
 586 -21.9726 -2.89393 -0.861076 
 587 -21.8337 -2.96858 -0.55369 
 588 -21.6463 -3.01065 -0.243122 
 589 -21.3433 -2.99364 0.0452843 
 590 -21.0475 -2.92048 0.279383 
 591 -21.0467 -2.88445 0.583505 
 592 -21.2996 -3.05046 0.645906 
 593 -21.3347 -3.03125 0.943328 
 594 -21.3656 -3.01533 1.24657 
 595 -21.4111 -3.00936 1.56087 
 596 -21.4457 -3.01433 1.86605 
 597 -21.4773 -3.02956 2.17267 
 598 -21.5031 -3.05382 2.48155 
 599 -21.5202 -3.08474 2.79014 
 600 -21.5271 -3.11936 3.09833 
 601 -21.4605 -3.08066 2.80066 
 602 -21.4434 -3.04918 2.49139 
 603 -21.4269 -3.014 2.17557 
 604 -21.3939 -2.98825 1.85584 
 605 -21.3594 -2.98363 1.54883 
 606 -21.3251 -2.97967 1.24123 
 607 -21.2923 -2.99725 0.926907 
 608 -21.2669 -3.02363 0.606978 
 609 -21.2411 -3.05665 0.28701 
 610 -21.2707 -3.09811 -0.0147871 
 611 -21.3398 -3.12013 -0.325655 
 612 -21.359 -3.14365 -0.635201 
 613 -21.3765 -3.15953 -0.948659 
 614 -21.4295 -3.15858 -1.27427 
 615 -21.4656 -3.17356 -1.59264 
 616 -21.502 -3.16168 -1.91925 
 617 -21.5333 -3.14444 -2.23059 
 618 -21.5676 -3.11868 -2.54348 
 619 -21.5828 -3.0867 -2.85261 
 620 -21.5975 -3.05246 3.12867 
 621 -21.5915 -3.00706 2.8151 
 622 -21.5736 -2.99376 2.48853 
 623 -21.547 -2.95859 2.1686 
 624 -21.5138 -2.94306 1.84862 
 625 -21.4879 -2.92877 1.53272 
 626 -21.4432 -2.93551 1.22068 
 627 -21.4226 -2.95237 0.912181 
 628 -21.3877 -2.96887 0.601645 
 629 -21.362 -3.00214 0.283563 
 630 -21.3575 -3.03853 -0.040066 
 631 -21.3742 -3.08274 -0.340659 
 632 -21.3818 -3.11486 -0.660632 
 633 -21.4086 -3.13983 -0.980555 
 634 -21.4318 -3.15505 -1.30295 
 635 -21.4682 -3.16899 -1.62306 
 636 -21.504 -3.16126 -1.94314 
 637 -21.5458 -3.14246 -2.26609 
 638 -21.5692 -3.11582 -2.57904 
 639 -21.5835 -3.08243 -2.89264 
 640 -21.5868 -3.04644 3.07155 
 641 -21.5888 -3.01173 2.76037 
 642 -21.5695 -2.98982 2.43806 
 643 -21.5417 -2.94603 2.12162 
 644 -21.5178 -2.9421 1.79813 
 645 -21.4722 -2.92953 1.48678 
 646 -21.4481 -2.9378 1.17714 
 647 -21.4085 -2.95575 0.874469 
 648 -21.3946 -2.98317 0.564408 
 649 -21.3702 -3.01683 0.244425 
 650 -21.357 -3.0415 -0.0632099 
 651 -21.3551 -3.08722 -0.379799 
 652 -21.384 -3.11867 -0.699757 
 653 -21.4117 -3.14258 -1.01968 
 654 -21.4455 -3.15651 -1.33834 
 655 -21.4818 -3.15917 -1.65683 
 656 -21.5074 -3.16021 -1.98038 
 657 -21.5468 -3.14168 -2.28443 
 658 -21.5694 -3.11512 -2.59222 
 659 -21.5834 -3.08106 -2.91013 
 660 -21.5861 -3.04568 3.05981 
 661 -21.5878 -3.0113 2.75078 
 662 -21.5684 -2.97982 2.43477 
 663 -21.5405 -2.94611 2.11484 
 664 -21.5065 -2.93239 1.79485 
 665 -21.4711 -2.92995 1.48111 
 666 -21.4472 -2.93835 1.17289 
 667 -21.4075 -2.95649 0.869331 
 668 -21.3847 -2.97268 0.56939 
 669 -21.3601 -3.00627 0.252901 
 670 -21.3666 -3.05097 -0.0477516 
 671 -21.3841 -3.08686 -0.367838 
 672 -21.3914 -3.11705 -0.675292 
 673 -21.4086 -3.1416 -0.99521 
 674 -21.4321 -3.15636 -1.31517 
 675 -21.4786 -3.15988 -1.6353 
 676 -21.5043 -3.16169 -1.95885 
 677 -21.5345 -3.14355 -2.26588 
 678 -21.568 -3.11677 -2.57708 
 679 -21.5818 -3.08528 -2.87728 
 680 -21.5957 -3.04971 3.09341 
 681 -21.5887 -3.01541 2.7843 
 682 -21.5703 -2.98321 2.46729 
 683 -21.5432 -2.95865 2.14787 
 684 -21.5197 -2.94384 1.82789 
 685 -21.4839 -2.93026 1.51371 
 686 -21.44 -2.9374 1.20791 
 687 -21.4195 -2.9547 0.898735 
 688 -21.3848 -2.97187 0.584632 
 689 -21.3797 -3.01529 0.268143 
 690 -21.3657 -3.03987 -0.0394722 
 691 -21.3629 -3.08577 -0.356067 
 692 -21.391 -3.10766 -0.679524 
 693 -21.4183 -3.14212 -0.995951 
 694 -21.4416 -3.1568 -1.31747 
 695 -21.4679 -3.1702 -1.63597 
 696 -21.5019 -3.16268 -1.94004 
 697 -21.533 -3.14466 -2.25686 
 698 -21.5668 -3.1179 -2.56997 
 699 -21.5814 -3.08478 -2.88223 
 700 -21.5951 -3.04997 3.09181 
 701 -21.5879 -3.01513 2.78122 
 702 -21.5693 -2.99301 2.46067 
 703 -21.552 -2.95862 2.14073 
 704 -21.5212 -2.94111 1.83673 
 705 -21.4791 -2.89446 1.51863 
 706 -21.445 -2.86217 1.19728 
 707 -21.369 -2.83228 0.878852 
 708 -21.2728 -2.79396 0.554436 
 709 -21.1819 -2.79691 0.239622 
 710 -20.9803 -2.8216 -0.0729652 
 711 -20.6668 -2.89015 -0.178554 
 712 -20.3721 -2.9177 -0.0693362 
 713 -20.1591 -2.9588 -0.394243 
 714 -20.1772 -2.98856 -0.698204 
 715 -20.1849 -3.02246 -1.01464 
 716 -20.2157 -3.04628 -1.33481 
 717 -20.2602 -3.06968 -1.65929 
 718 -20.2988 -3.09036 -1.97984 
 719 -20.3506 -3.10453 -2.30066 
 720 -20.4077 -3.1041 -2.61751 
 721 -20.4913 -3.09492 -2.93925 
 722 -20.5486 -3.06108 3.02236 
 723 -20.5869 -3.0155 2.70111 
 724 -20.713 -2.89331 2.39036 
 725 -20.6829 -2.87025 2.05914 
 726 -20.6582 -2.85847 1.73913 
 727 -20.6315 -2.8482 1.41896 
 728 -20.5755 -2.85686 1.09906 
 729 -20.4896 -2.8268 0.77714 
 730 -20.3953 -2.79228 0.470837 
 731 -20.2964 -2.80276 0.153405 
 732 -20.2701 -2.8355 -0.152141 
 733 -20.271 -2.86966 -0.465436 
 734 -20.2918 -2.89875 -0.777791 
 735 -20.3195 -2.91945 -1.08296 
 736 -20.3546 -2.93131 -1.39919 
 737 -20.2981 -3.14456 -1.09874 
 738 -20.2255 -3.18162 -0.768669 
 739 -20.1216 -3.21106 -0.464115 
 740 -20.0841 -3.19535 -0.152699 
 741 -20.0747 -3.15696 0.182487 
 742 -20.0966 -3.12327 0.494564 
 743 -20.1281 -3.09495 0.805393 
 744 -20.1667 -3.08006 1.12963 
 745 -20.1887 -3.00924 1.44146 
 746 -20.2247 -2.93982 1.75219 
 747 -20.2732 -2.87809 2.06523 
 748 -20.3589 -2.83101 2.37484 
 749 -20.4616 -2.7994 2.67964 
 750 -20.573 -2.80173 3.00487 
 751 -20.8634 -2.84529 -3.07522 
 752 -21.1717 -2.86396 -3.08216 
 753 -21.4801 -2.88044 -3.0891 
 754 -21.794 -2.88925 -3.13237 
 755 -22.0841 -2.81938 2.84543 
 756 -22.2924 -2.67515 2.53575 
 757 -22.4937 -2.44761 2.26679 
 758 -22.6882 -2.20604 2.27688 
 759 -22.9301 -2.0151 2.51355 
 760 -23.2016 -1.88575 2.7107 
 761 -23.4918 -1.79117 2.84242 
 762 -23.7809 -1.73027 2.94646 
 763 -24.0834 -1.68877 2.99655 
 764 -24.3824 -1.65376 3.02362 
 765 -24.6566 -1.63205 3.07679 
 766 -24.9701 -1.62225 3.11017 
 767 -25.2916 -1.61239 3.10848 
 768 -25.5921 -1.60343 3.11614 
 769 -25.8941 -1.60684 -3.12236 
 770 -26.2066 -1.62627 -3.07055 
 771 -26.5096 -1.58413 3.06315 
 772 -26.8172 -1.56587 3.08069 
 773 -27.1264 -1.54001 3.03789 
 774 -27.4295 -1.47889 2.93906 
 775 -27.7365 -1.41748 2.94201 
 776 -28.0413 -1.36371 2.97438 
 777 -28.3429 -1.33018 3.036 
 778 -28.6516 -1.29447 3.02214 
 779 -28.9587 -1.24171 2.95816 
 780 -29.2499 -1.15553 2.84597 
 781 -29.4431 -1.03548 2.52757 
 782 -29.5146 -0.910436 2.22303 
 783 -29.5678 -0.732162 1.9171 
 784 -29.5802 -0.491863 1.60873 
 785 -29.5302 -0.186657 1.39501 
 786 -29.4783 0.117118 1.42691 
 787 -29.4811 0.426451 1.59307 
 788 -29.4979 0.730955 1.62622 
 789 -29.513 1.04078 1.6189 
 790 -29.5261 1.34898 1.61341 
 791 -29.5415 1.65699 1.61877 
 792 -29.5537 1.96064 1.613 
 793 -29.5629 2.26928 1.60095 
 794 -29.57 2.57194 1.59419 
 795 -29.5752 2.88228 1.58829 
 796 -29.5817 3.19072 1.60366 
 797 -29.6056 3.49744 1.64965 
 798 -29.6223 3.80121 1.6236 
 799 -29.6298 4.10964 1.59345 
 800 -29.6325 4.41238 1.5767 
 801 -29.6291 4.72216 1.56272 
 802 -29.6271 5.02648 1.56387 
 803 -29.6264 5.33651 1.56588 
 804 -29.6204 5.64111 1.55053 
 805 -29.6109 5.95198 1.53426 
 806 -29.5765 6.25583 1.43231 
 807 -29.4737 6.55541 1.18355 
 808 -29.2995 6.81098 0.943536 
 809 -29.0806 7.0401 0.819567 
 810 -29.0378 7.16191 1.12633 
 811 -29.0453 7.28382 1.43075 
 812 -29.0795 7.40245 1.7367 
 813 -29.1664 7.53817 2.05197 
 814 -29.3589 7.78325 2.22809 
 815 -29.5125 8.05422 2.04425 
 816 -29.5896 8.36558 1.77507 
 817 -29.6127 8.67671 1.64008 
 818 -29.6274 8.98759 1.61415 
 819 -29.6345 9.29631 1.59398 
 820 -29.6396 9.6048 1.58693 
 821 -29.6445 9.91477 1.58476 
 822 -29.6456 10.2175 1.57058 
 823 -29.6299 10.5268 1.49937 
 824 -29.558 10.8266 1.24205 
 825 -29.4578 11.0003 0.941804 
 826 -29.3102 11.1034 0.641052 
 827 -29.0529 11.1936 0.337277 
 828 -28.7683 11.2531 0.192683 
 829 -28.463 11.3071 0.174682 
 830 -28.1623 11.3544 0.142115 
 831 -27.8443 11.3826 0.0989831 
 832 -27.5364 11.4113 0.0916128 
 833 -27.2376 11.4375 0.0842118 
 834 -26.9231 11.4615 0.0769124 
 835 -26.6052 11.4834 0.0695661 
 836 -26.303 11.5026 0.0623466 
 837 -26.0019 11.5326 0.124245 
 838 -25.6988 11.6036 0.244762 
 839 -25.6738 11.6435 0.547191 
 840 -25.6974 11.6713 0.865615 
 841 -25.7378 11.6897 1.17636 
 842 -25.7722 11.6882 1.48722 
 843 -25.7904 11.7045 1.795 
 844 -25.8275 11.7287 2.10594 
 845 -25.8914 11.7632 2.41799 
 846 -26.0091 11.7993 2.72606 
 847 -26.1324 11.7988 3.02746 
 848 -26.3171 11.7441 -2.94544 
 849 -26.6256 11.6603 -2.88544 
 850 -26.9277 11.5924 -2.92358 
 851 -27.2385 11.5502 -3.00513 
 852 -27.545 11.5113 -3.01625 
 853 -27.8362 11.4766 -3.02835 
 854 -28.144 11.4439 -3.03861 
 855 -28.4509 11.4061 -3.0041 
 856 -28.7565 11.3537 -2.96868 
 857 -29.0533 11.2909 -2.92327 
 858 -29.3506 11.1754 -2.70032 
 859 -29.5031 11.0251 -2.39125 
 860 -29.6148 10.8271 -2.08229 
 861 -29.6995 10.5296 -1.83076 
 862 -29.7419 10.2257 -1.7394 
 863 -29.7813 9.91956 -1.69982 
 864 -29.8159 9.61824 -1.68411 
 865 -29.8458 9.31137 -1.66591 
 866 -29.8718 9.00891 -1.65595 
 867 -29.8952 8.70087 -1.64703 
 868 -29.907 8.39228 -1.64271 
 869 -29.9371 8.08361 -1.63589 
 870 -29.956 7.78059 -1.63427 
 871 -29.9735 7.4716 -1.62875 
 872 -29.9888 7.16847 -1.62156 
 873 -30.0036 6.85928 -1.61893 
 874 -30.0177 6.5563 -1.61805 
 875 -30.0317 6.24622 -1.61577 
 876 -30.0454 5.92646 -1.61427 
 877 -30.0578 5.62675 -1.61028 
 878 -30.0702 5.32329 -1.61171 
 879 -30.083 5.01369 -1.61028 
 880 -30.095 4.71011 -1.6103 
 881 -30.1074 4.40101 -1.61089 
 882 -30.1186 4.09759 -1.6088 
 883 -30.1301 3.78821 -1.60937 
 884 -30.1411 3.48515 -1.60872 
 885 -30.1528 3.17543 -1.60869 
 886 -30.1641 2.87251 -1.61005 
 887 -30.1762 2.56281 -1.61014 
 888 -30.1884 2.2597 -1.61159 
 889 -30.1996 1.95067 -1.6066 
 890 -30.209 1.6416 -1.60318 
 891 -30.2217 1.33303 -1.61757 
 892 -30.2387 1.02965 -1.62883 
 893 -30.2555 0.719042 -1.62654 
 894 -30.2716 0.414012 -1.62331 
 895 -30.2893 0.104222 -1.63054 
 896 -30.3069 -0.20479 -1.62604 
 897 -30.3274 -0.514328 -1.64507 
 898 -30.3675 -0.81276 -1.81305 
 899 -30.4898 -1.007 -2.13116 
 900 -30.6317 -1.11803 -2.44535 
 901 -30.8329 -1.19725 -2.75322 
 902 -31.1183 -1.24699 -3.00441 
 903 -31.4063 -1.28101 -3.02728 
 904 -31.7178 -1.31337 -3.03672 
 905 -32.0064 -1.34343 -3.04471 
 906 -32.3086 -1.37089 -3.05205 
 907 -32.5278 -1.43559 -2.74651 
 908 -32.5032 -1.47175 -2.43819 
 909 -32.4715 -1.50801 -2.13481 
 910 -32.4494 -1.51208 -1.83258 
 911 -32.4237 -1.51592 -1.5189 
 912 -32.5084 -1.50966 -1.20827 
 913 -32.487 -1.48175 -0.895886 
 914 -32.4735 -1.45627 -0.588997 
 915 -32.4582 -1.42401 -0.27677 
 916 -32.4535 -1.38914 0.0282126 
 917 -32.4698 -1.35339 0.341656 
 918 -32.4873 -1.33045 0.665082 
 919 -32.5131 -1.30569 0.979146 
 920 -32.5452 -1.29024 1.29459 
 921 -32.5853 -1.28575 1.60855 
 922 -32.6295 -1.30242 1.92042 
 923 -32.6779 -1.2723 2.23054 
 924 -32.7735 -1.22805 2.54277 
 925 -32.8733 -1.20677 2.85145 
 926 -33.0083 -1.2231 -3.10714 
 927 -33.317 -1.31741 -2.86558 
 928 -33.5996 -1.39784 -2.87746 
 929 -33.9128 -1.45676 -2.96516 
 930 -34.2236 -1.49424 -3.0232 
 931 -34.5413 -1.52727 -3.03737 
 932 -34.8629 -1.55711 -3.04449 
 933 -35.1536 -1.57686 -3.09738 
 934 -35.4465 -1.58585 -3.11289 
 935 -35.736 -1.59011 -3.12637 
 936 -36.0085 -1.59308 -3.12917 
 937 -36.3141 -1.59727 -3.12584 
 938 -36.6178 -1.60647 -3.1014 
 939 -36.9265 -1.5885 3.07392 
 940 -37.2292 -1.52168 2.90067 
 941 -37.5276 -1.43763 2.86284 
 942 -37.8252 -1.3467 2.84036 
 943 -38.1205 -1.22874 2.71188 
 944 -38.241 -1.14162 2.41492 
 945 -38.2883 -0.99944 2.11001 
 946 -38.3623 -0.678863 1.83306 
 947 -38.4066 -0.38816 1.70292 
 948 -38.4455 -0.0804474 1.6957 
 949 -38.4813 0.221875 1.687 
 950 -38.5148 0.529464 1.67859 
 951 -38.5383 0.83234 1.63749 
 952 -38.5521 1.14236 1.61486 
 953 -38.5571 1.45149 1.5815 
 954 -38.5327 1.76043 1.46836 
 955 -38.4476 2.06352 1.25043 
 956 -38.2988 2.33599 1.04725 
 957 -38.2039 2.61698 1.31436 
 958 -38.2235 2.78594 1.63766 
 959 -38.3201 3.08137 1.91029 
 960 -38.4297 3.36559 1.93039 
 961 -38.511 3.66547 1.8189 
 962 -38.5431 3.96835 1.65621 
 963 -38.5563 4.27764 1.6093 
 964 -38.5656 4.58886 1.5987 
 965 -38.572 4.89905 1.5899 
 966 -38.5774 5.20366 1.5901 
 967 -38.5809 5.51343 1.58159 
 968 -38.5858 5.82349 1.5829 
 969 -38.5671 6.13356 1.49534 
 970 -38.505 6.44127 1.33505 
 971 -38.3843 6.72708 1.14669 
 972 -38.2708 7.02828 1.17789 
 973 -38.2489 7.15459 1.48652 
 974 -38.3003 7.37679 1.79579 
 975 -38.4075 7.66111 1.90237 
 976 -38.4959 7.95901 1.85273 
 977 -38.5478 8.26876 1.71948 
 978 -38.5713 8.56735 1.64527 
 979 -38.5825 8.87186 1.60819 
 980 -38.5896 9.18086 1.58943 
 981 -38.5946 9.49059 1.58681 
 982 -38.5986 9.8008 1.58381 
 983 -38.6015 10.1042 1.57985 
 984 -38.6006 10.4136 1.55672 
 985 -38.5529 10.7141 1.36544 
 986 -38.459 10.9131 1.06231 
 987 -38.3153 11.0343 0.762271 
 988 -38.1114 11.1224 0.458201 
 989 -37.8143 11.2114 0.274805 
 990 -37.5109 11.2731 0.191858 
 991 -37.2162 11.3206 0.156499 
 992 -36.9193 11.3648 0.135236 
 993 -36.6368 11.3869 0.0790151 
 994 -36.3271 11.4037 0.0516596 
 995 -36.0179 11.4139 0.0299219 
 996 -35.7185 11.4212 0.0230925 
 997 -35.4077 11.4265 0.0161137 
 998 -35.1285 11.4298 0.0112151 
 999 -34.8089 11.4324 0.00821432 
 1000 -34.499 11.4333 0.00268209 
 1001 -34.1866 11.4397 0.0257958 
 1002 -33.8684 11.4506 0.0351906 
 1003 -33.5672 11.462 0.0363383 
 1004 -33.2665 11.4937 0.128195 
 1005 -33.075 11.5635 0.439055 
 1006 -33.0948 11.5928 0.754348 
 1007 -33.1121 11.6144 1.06106 
 1008 -33.1645 11.6162 1.37518 
 1009 -33.1804 11.618 1.68879 
 1010 -33.2041 11.6088 2.00161 
 1011 -33.2436 11.5789 2.30898 
 1012 -33.2563 11.5506 2.62697 
 1013 -33.2588 11.5177 2.93595 
 1014 -33.2605 11.483 -3.04298 
 1015 -33.2412 11.4499 -2.74012 
 1016 -33.2321 11.4202 -2.43874 
 1017 -33.2141 11.3969 -2.12099 
 1018 -33.1907 11.3932 -1.80917 
 1019 -33.1537 11.3848 -1.49356 
 1020 -33.1108 11.3693 -1.1807 
 1021 -33.0548 11.347 -0.851973 
 1022 -32.9535 11.2982 -0.540782 
 1023 -32.8212 11.2938 -0.237638 
 1024 -32.6648 11.3159 0.0695499 
 1025 -32.3641 11.3908 0.238808 
 1026 -32.0679 11.4593 0.2185 
 1027 -31.7606 11.4813 0.0294543 
 1028 -31.4512 11.4858 0.0136264 
 1029 -31.1421 11.4881 0.00620328 
 1030 -30.839 11.4889 0.00189196 
 1031 -30.5299 11.4887 -0.000881676 
 1032 -30.2162 11.4867 -0.00754412 
 1033 -29.9068 11.4832 -0.0129811 
 1034 -29.6037 11.4799 -0.0104155 
 1035 -29.2862 11.493 0.0485236 
 1036 -28.9953 11.5085 0.0539473 
 1037 -28.6887 11.5244 0.053787 
 1038 -28.3785 11.5675 0.156835 
 1039 -28.0777 11.633 0.214673 
 1040 -27.7887 11.7005 0.217493 
 1041 -27.4748 11.753 0.15131 
 1042 -27.1698 11.7787 0.0773358 
 1043 -26.8634 11.7923 0.0451232 
 1044 -26.5557 11.7986 0.0149436 
 1045 -26.2576 11.7995 0.00630695 
 1046 -25.9464 11.8 -0.000621684 
 1047 -25.6282 11.8 -0.00100613 
 1048 -25.3103 11.8027 0.0084236 
 1049 -24.9915 11.8081 0.016186 
 1050 -24.6896 11.8149 0.0219636 
 1051 -24.386 11.8234 0.0294127 
 1052 -24.0773 11.8325 0.0287907 
 1053 -23.768 11.8408 0.0272017 
 1054 -23.4642 11.8449 0.00929029 
 1055 -23.1548 11.8485 0.0105753 
 1056 -22.8512 11.8534 0.0144497 
 1057 -22.5429 11.8732 0.0826558 
 1058 -22.2412 11.9077 0.106299 
 1059 -21.9251 11.9355 0.0894608 
 1060 -21.62 11.9373 -0.00424187 
 1061 -21.3136 11.9309 0.00528437 
 1062 -21.004 11.9688 0.142027 
 1063 -20.9141 12.0279 0.452533 
 1064 -20.8426 12.1286 0.774202 
 1065 -20.7837 12.2622 1.07649 
 1066 -20.7664 12.4311 1.383 
 1067 -20.7938 12.6807 1.68894 
 1068 -20.8915 12.975 1.91823 
 1069 -21.0224 13.255 2.01544 
 1070 -21.1623 13.5237 2.05097 
 1071 -21.307 13.7979 2.05802 
 1072 -21.4472 14.0652 2.05275 
 1073 -21.5926 14.3439 2.00871 
 1074 -21.5612 14.3748 1.68171 
 1075 -21.5261 14.3733 1.37547 
 1076 -21.4924 14.3609 1.05858 
 1077 -21.4647 14.349 0.753014 
 1078 -21.4448 14.3199 0.44505 
 1079 -21.369 14.3016 0.12929 
 1080 -21.2439 14.264 -0.190759 
 1081 -21.1452 14.1808 -0.510895 
 1082 -21.0742 14.0804 -0.832912 
 1083 -21.0367 13.9622 -1.14032 
 1084 -21.0228 13.7258 -1.46054 
 1085 -20.9982 13.423 -1.5181 
 1086 -20.9875 13.1163 -1.50729 
 1087 -20.9615 12.8124 -1.49947 
 1088 -20.9513 12.4946 -1.50323 
 1089 -20.9673 12.1881 -1.7743 
 1090 -21.0714 12.0562 -2.08077 
 1091 -21.1852 11.9657 -2.39277 
 1092 -21.3446 11.9036 -2.69326 
 1093 -21.6418 11.852 -2.97822 
 1094 -21.951 11.8217 -3.04114 
 1095 -22.2741 11.7889 -2.74406 
 1096 -22.2348 11.7479 -2.42807 
 1097 -22.2137 11.7042 -2.10794 
 1098 -22.1885 11.6742 -1.80468 
 1099 -22.1549 11.6512 -1.49807 
 1100 -22.1133 11.6372 -1.19611 
 1101 -22.0626 11.6136 -0.890142 
 1102 -21.933 11.5583 -0.547123 
 1103 -21.8205 11.5529 -0.239568 
 1104 -21.6521 11.5751 0.0740321 
 1105 -21.3667 11.6466 0.231313 
 1106 -21.0585 11.7104 0.207364 
 1107 -20.7519 11.75 0.0991257 
 1108 -20.4377 11.7653 0.0563449 
 1109 -20.1273 11.7758 0.0280728 
 1110 -19.8191 11.7827 0.0209649 
 1111 -19.5098 11.7879 0.0170978 
 1112 -19.2054 11.7914 0.0114215 
 1113 -18.8954 11.7929 0.00383778 
 1114 -18.5868 11.7932 0.00268063 
 1115 -18.267 11.7995 0.0234992 
 1116 -17.9634 11.8142 0.0423242 
 1117 -17.6541 11.8288 0.0546736 
 1118 -17.3524 11.8614 0.102183 
 1119 -17.0287 11.8487 0.0109154 
 1120 -16.7379 11.8334 -0.114345 
 1121 -16.4371 11.7617 -0.250686 
 1122 -16.1462 11.6556 -0.362987 
 1123 -15.8644 11.5257 -0.439572 
 1124 -15.5778 11.3877 -0.455717 
 1125 -15.2908 11.2476 -0.46806 
 1126 -15.0144 11.1099 -0.473564 
 1127 -14.7509 10.9728 -0.457163 
 1128 -14.4683 10.8466 -0.423635 
 1129 -14.1865 10.7266 -0.395039 
 1130 -13.9044 10.6224 -0.351026 
 1131 -13.6123 10.522 -0.324407 
 1132 -13.3179 10.4302 -0.300957 
 1133 -13.0198 10.3462 -0.268541 
 1134 -12.7208 10.2695 -0.253492 
 1135 -12.4125 10.1754 -0.416465 
 1136 -12.1985 9.99184 -0.723516 
 1137 -12.0489 9.75236 -1.03251 
 1138 -11.9774 9.47525 -1.33395 
 1139 -11.9001 9.19031 -1.38429 
 1140 -11.8684 8.86403 -1.43344 
 1141 -11.8308 8.55185 -1.44293 
 1142 -11.7932 8.23461 -1.45016 
 1143 -11.7578 7.93643 -1.45734 
 1144 -11.7248 7.63859 -1.46496 
 1145 -11.6724 7.4618 -1.16521 
 1146 -11.642 7.48092 -0.852022 
 1147 -11.6022 7.50868 -0.54421 
 1148 -11.4963 7.49699 -0.238827 
 1149 -11.3483 7.53267 0.1535 
 1150 -11.2509 7.59381 0.480392 
 1151 -11.167 7.69907 0.794722 
 1152 -11.0149 7.97113 1.05698 
 1153 -10.8436 8.22066 0.936073 
 1154 -10.6324 8.44443 0.789227 
 1155 -10.3954 8.64393 0.688889 
 1156 -10.1506 8.83577 0.654478 
 1157 -9.90416 9.02169 0.645873 
 1158 -9.65894 9.21874 0.651789 
 1159 -9.4109 9.40595 0.645738 
 1160 -9.16579 9.59298 0.652168 
 1161 -8.9199 9.78217 0.650504 
 1162 -8.67996 9.96762 0.660172 
 1163 -8.43975 10.154 0.661581 
 1164 -8.19576 10.3432 0.656571 
 1165 -7.94368 10.5294 0.656686 
 1166 -7.70934 10.7289 0.681239 
 1167 -7.63715 10.7419 0.384842 
 1168 -7.5481 10.7165 0.0855224 
 1169 -7.48189 10.6758 -0.236828 
 1170 -7.40116 10.603 -0.560049 
 1171 -7.33712 10.5001 -0.879806 
 1172 -7.30064 10.3605 -1.20064 
 1173 -7.26679 10.0584 -1.40573 
 1174 -7.2188 9.75221 -1.41657 
 1175 -7.17347 9.44514 -1.42391 
 1176 -7.12525 9.129 -1.39824 
 1177 -7.04779 8.82833 -1.31253 
 1178 -6.97487 8.53262 -1.32376 
 1179 -6.88188 8.3927 -1.02723 
 1180 -6.65726 8.22823 -0.722927 
 1181 -6.41719 8.03177 -0.684025 
 1182 -6.18579 7.83201 -0.720319 
 1183 -5.98174 7.59823 -0.885115 
 1184 -5.85058 7.3244 -1.16666 
 1185 -5.79091 7.00276 -1.3994 
 1186 -5.74371 6.70281 -1.41701 
 1187 -5.69921 6.39663 -1.42716 
 1188 -5.65675 6.08973 -1.43455 
 1189 -5.61747 5.78366 -1.44473 
 1190 -5.5804 5.47607 -1.45222 
 1191 -5.54568 5.16854 -1.45962 
 1192 -5.51106 4.86035 -1.45941 
 1193 -5.47814 4.55311 -1.46473 
 1194 -5.43829 4.25207 -1.43984 
 1195 -5.39889 3.94535 -1.44488 
 1196 -5.35701 3.64581 -1.43246 
 1197 -5.31616 3.32871 -1.43995 
 1198 -5.27461 3.03298 -1.43471 
 1199 -5.23424 2.7159 -1.44169 
 1200 -5.19707 2.41495 -1.44823 
 1201 -5.15692 2.10805 -1.44283 
 1202 -5.1201 1.80799 -1.45015 
 1203 -5.08467 1.50017 -1.45758 
 1204 -5.04644 1.19954 -1.44465 
 1205 -5.00945 0.894196 -1.45162 
 1206 -4.97101 0.594262 -1.4375 
 1207 -4.9704 0.335111 -1.7332 
 1208 -5.04871 0.215536 -2.08545 
 1209 -5.19723 0.0989248 -2.39604 
 1210 -5.44485 -0.0895983 -2.47593 
 1211 -5.65013 -0.314438 -2.27585 
 1212 -5.83378 -0.564401 -2.20576 
 1213 -6.03635 -0.790923 -2.33053 
 1214 -6.26537 -0.997636 -2.41357 
 1215 -6.49894 -1.20031 -2.42447 
 1216 -6.73145 -1.4078 -2.40984 
 1217 -6.96604 -1.60416 -2.46491 
 1218 -7.2383 -1.73503 -2.75223 
 1219 -7.25655 -1.70042 -3.05947 
 1220 -7.25339 -1.6627 2.89647 
 1221 -7.24915 -1.62936 2.57981 
 1222 -7.22618 -1.60056 2.26062 
 1223 -7.22032 -1.53907 1.93914 
 1224 -7.19346 -1.45824 1.56997 
 1225 -7.14634 -1.37723 1.25309 
 1226 -7.13402 -1.40915 0.919614 
 1227 -7.08979 -1.42219 0.616415 
 1228 -6.80076 -1.28647 0.463023 
 1229 -6.54481 -1.12171 0.603659 
 1230 -6.32139 -0.917327 0.723156 
 1231 -6.1064 -0.697663 0.79176 
 1232 -5.92915 -0.443416 1.00207 
 1233 -5.80183 -0.17195 1.16597 
 1234 -5.70466 0.120623 1.2554 
 1235 -5.61808 0.417782 1.2894 
 1236 -5.53211 0.714604 1.28692 
 1237 -5.44229 1.01233 1.27792 
 1238 -5.34886 1.29998 1.25297 
 1239 -5.24911 1.60247 1.24187 
 1240 -5.14796 1.89081 1.23373 
 1241 -5.04376 2.18172 1.22274 
 1242 -4.93939 2.47086 1.22313 
 1243 -4.83231 2.76218 1.21882 
 1244 -4.72699 3.05452 1.22618 
 1245 -4.62681 3.33953 1.23376 
 1246 -4.52384 3.64171 1.22923 
 1247 -4.41711 3.9319 1.21706 
 1248 -4.30998 4.21656 1.21324 
 1249 -4.20268 4.50649 1.21852 
 1250 -4.10732 4.80266 1.27852 
 1251 -4.03693 5.09459 1.33341 
 1252 -3.95035 5.3928 1.26441 
 1253 -3.82065 5.68033 1.06684 
 1254 -3.61612 5.91301 0.878261 
 1255 -3.43745 6.15882 1.17262 
 1256 -3.45601 6.28797 1.51338 
 1257 -3.50087 6.40101 1.82514 
 1258 -3.57787 6.48698 2.13406 
 1259 -3.68875 6.56409 2.44223 
 1260 -3.87993 6.62733 2.75016 
 1261 -4.17506 6.70086 2.89996 
 1262 -4.46649 6.80393 2.77222 
 1263 -4.73242 6.95495 2.60309 
 1264 -4.98266 7.15023 2.49515 
 1265 -5.22246 7.33841 2.47079 
 1266 -5.46315 7.53271 2.46093 
 1267 -5.69937 7.72269 2.46397 
 1268 -5.94237 7.91591 2.46988 
 1269 -6.18163 8.1029 2.47952 
 1270 -6.4225 8.28861 2.48355 
 1271 -6.66027 8.47155 2.48507 
 1272 -6.90071 8.65095 2.50693 
 1273 -7.04544 8.79087 2.19351 
 1274 -7.0146 8.8166 1.89477 
 1275 -6.97825 8.82258 1.57306 
 1276 -6.94205 8.82682 1.25294 
 1277 -6.87089 8.87021 0.929989 
 1278 -6.76437 8.92514 0.608761 
 1279 -6.6428 8.94516 0.283314 
 1280 -6.48065 8.91666 -0.104628 
 1281 -6.25309 8.80189 -0.419622 
 1282 -5.96391 8.69076 -0.339651 
 1283 -5.66811 8.62297 -0.216835 
 1284 -5.36335 8.57148 -0.162667 
 1285 -5.06273 8.52796 -0.139717 
 1286 -4.75508 8.49252 -0.111864 
 1287 -4.4467 8.46825 -0.0753364 
 1288 -4.13845 8.44811 -0.0647836 
 1289 -3.83501 8.42963 -0.0582373 
 1290 -3.52669 8.41195 -0.0576627 
 1291 -3.21696 8.39556 -0.0528559 
 1292 -2.89628 8.38013 -0.0500213 
 1293 -2.59419 8.35399 -0.106672 
 1294 -2.29045 8.30305 -0.164796 
 1295 -1.99066 8.24488 -0.158025 
 1296 -1.68526 8.20647 -0.160117 
 1297 -1.38732 8.14343 -0.173646 
 1298 -1.23963 8.1034 -0.48393 
 1299 -1.246 8.05101 -0.803182 
 1300 -1.22688 7.95894 -1.12479 
 1301 -1.23787 7.82819 -1.44477 
 1302 -1.27653 7.71342 -1.77017 
 1303 -1.35112 7.61504 -2.09542 
 1304 -1.46293 7.5355 -2.41903 
 1305 -1.63208 7.48165 -2.73646 
 1306 -1.94445 7.40884 -2.88297 
 1307 -2.23566 7.32753 -2.91279 
 1308 -2.53025 7.23462 -2.80928 
 1309 -2.80623 7.09234 -2.6437 
 1310 -3.05966 6.92451 -2.54684 
 1311 -3.30731 6.74105 -2.49912 
 1312 -3.55437 6.54429 -2.49868 
 1313 -3.80481 6.3706 -2.50579 
 1314 -4.05396 6.18741 -2.50947 
 1315 -4.29716 6.01043 -2.51373 
 1316 -4.54755 5.82861 -2.51455 
 1317 -4.80025 5.6478 -2.52202 
 1318 -5.04769 5.47081 -2.52002 
 1319 -5.29916 5.29142 -2.52314 
 1320 -5.55295 5.11216 -2.52756 
 1321 -5.80459 4.93193 -2.51985 
 1322 -6.06807 4.75184 -2.52325 
 1323 -6.3184 4.57119 -2.51244 
 1324 -6.56488 4.39253 -2.51486 
 1325 -6.81655 4.21162 -2.51802 
 1326 -7.06119 4.03577 -2.52006 
 1327 -7.31002 3.86243 -2.53698 
 1328 -7.5626 3.69274 -2.55118 
 1329 -7.82147 3.52133 -2.55677 
 1330 -8.07507 3.35424 -2.55823 
 1331 -8.33288 3.18463 -2.55943 
 1332 -8.59251 3.01743 -2.57059 
 1333 -8.8529 2.85332 -2.57622 
 1334 -9.10854 2.67966 -2.53398 
 1335 -9.34972 2.48739 -2.4554 
 1336 -9.57706 2.27712 -2.38713 
 1337 -9.79555 2.05718 -2.35235 
 1338 -10.0122 1.83381 -2.34057 
 1339 -10.2201 1.60259 -2.29008 
 1340 -10.3871 1.34111 -2.09998 
 1341 -10.4904 1.04936 -1.8914 
 1342 -10.5662 0.748416 -1.81275 
 1343 -10.635 0.446094 -1.79442 
 1344 -10.7045 0.144635 -1.79884 
 1345 -10.7751 -0.160393 -1.80601 
 1346 -10.8365 -0.264667 -2.10326 
 1347 -10.8633 -0.242825 -2.39472 
 1348 -10.8845 -0.220197 -2.73484 
 1349 -10.9033 -0.186508 -3.03889 
 1350 -10.9012 -0.149907 2.92414 
 1351 -10.9067 -0.102769 2.61409 
 1352 -10.9737 -0.00251576 2.29086 
 1353 -11.0191 0.144748 1.92159 
 1354 -11.0112 0.281736 1.61411 
 1355 -10.9485 0.579338 1.3793 
 1356 -10.8897 0.866008 1.45132 
 1357 -10.895 1.19513 1.59804 
 1358 -10.9401 1.5017 1.69404 
 1359 -10.9856 1.80777 1.71896 
 1360 -11.0314 2.11331 1.72021 
 1361 -11.0768 2.41935 1.71865 
 1362 -11.1212 2.72582 1.71432 
 1363 -11.1625 3.03111 1.70768 
 1364 -11.2032 3.33783 1.70344 
 1365 -11.2428 3.63863 1.69958 
 1366 -11.2823 3.94474 1.69784 
 1367 -11.3316 4.25577 1.70085 
 1368 -11.3693 4.56213 1.69015 
 1369 -11.3951 4.85497 1.69041 
 1370 -11.435 5.17179 1.69525 
 1371 -11.4848 5.47696 1.69857 
 1372 -11.5223 5.77258 1.69132 
 1373 -11.5579 6.08846 1.68497 
 1374 -11.5923 6.41444 1.6843 
 1375 -11.626 6.73349 1.68058 
 1376 -11.6633 7.04094 1.68895 
 1377 -11.7001 7.34259 1.69374 
 1378 -11.7364 7.65037 1.68894 
 1379 -11.7736 7.95682 1.68913 
 1380 -11.8093 8.26468 1.68789 
 1381 -11.8436 8.57171 1.68091 
 1382 -11.8765 8.87921 1.68094 
 1383 -11.9086 9.18102 1.67537 
 1384 -11.9463 9.48848 1.70134 
 1385 -12.0329 9.78496 1.91503 
 1386 -12.166 9.96401 2.21265 
 1387 -12.3337 10.0742 2.51782 
 1388 -12.5828 10.1653 2.8192 
 1389 -12.8808 10.2049 3.03156 
 1390 -13.1857 10.2088 3.13627 
 1391 -13.4956 10.2009 -3.1151 
 1392 -13.8043 10.1884 -3.09756 
 1393 -14.1055 10.1587 -3.04139 
 1394 -14.423 10.1274 -3.04247 
 1395 -14.7249 10.1007 -3.06349 
 1396 -15.0388 10.0839 -3.08418 
 1397 -15.3426 10.0746 -3.11017 
 1398 -15.6525 10.0664 -3.11458 
 1399 -15.9573 10.0377 -3.02875 
 1400 -16.039 10.0676 2.87246 
 1401 -16.016 10.1212 2.44398 
 1402 -15.9804 10.1387 2.12103 
 1403 -15.9466 10.1526 1.80105 
 1404 -15.9081 10.1553 1.48299 
 1405 -15.8696 10.145 1.13155 
 1406 -15.8404 10.1253 0.820106 
 1407 -15.8084 10.1072 0.504614 
 1408 -15.7964 10.0645 0.203727 
 1409 -15.7946 10.0296 -0.101337 
 1410 -15.7841 9.9942 -0.421381 
 1411 -15.8143 9.96361 -0.74482 
 1412 -15.833 9.94109 -1.06314 
 1413 -15.8776 9.92858 -1.38474 
 1414 -15.9042 9.91758 -1.70491 
 1415 -15.9489 9.92805 -2.02251 
 1416 -15.9885 9.94864 -2.33701 
 1417 -16.037 9.96663 -2.65554 
 1418 -16.0614 9.99741 -2.98537 
 1419 -16.1071 10.0177 2.99316 
 1420 -16.086 10.0526 2.67312 
 1421 -16.0744 10.0923 2.35667 
 1422 -16.0364 10.1129 2.05274 
 1423 -16.0033 10.1242 1.74371 
 1424 -15.9661 10.1346 1.41545 
 1425 -15.9927 10.0169 1.12814 
 1426 -15.9537 10.0073 0.822991 
 1427 -15.922 9.98996 0.518243 
 1428 -15.9092 9.95569 0.198488 
 1429 -15.9178 9.91908 -0.121669 
 1430 -15.9755 9.9003 -0.441184 
 1431 -16.0765 9.91735 -0.812331 
 1432 -16.1207 9.88546 -1.16584 
 1433 -16.1517 9.89485 -1.48138 
 1434 -16.1775 9.9073 -1.79695 
 1435 -16.2014 9.94141 -2.2374 
 1436 -16.0895 9.98631 -1.93543 
 1437 -16.0454 9.96897 -1.63359 
 1438 -16.0208 9.98207 -1.33356 
 1439 -15.9989 9.98509 -1.02616 
 1440 -15.9821 10.0175 -0.724244 
 1441 -15.9528 10.0378 -0.410803 
 1442 -15.9438 10.082 -0.102626 
 1443 -15.9924 10.038 -0.396184 
 1444 -16.0017 9.99684 -0.71611 
 1445 -16.0328 9.96677 -1.16241 
 1446 -16.0784 9.94774 -1.48406 
 1447 -16.103 9.94996 -1.7866 
 1448 -16.136 9.96275 -2.09193 
 1449 -16.1771 9.95778 -2.41629 
 1450 -16.285 9.97966 -2.93908 
 1451 -16.5775 10.047 3.035 
 1452 -16.879 10.0812 3.02425 
 1453 -17.1844 10.1509 2.868 
 1454 -17.3735 10.1763 -3.11796 
 1455 -17.3571 10.1412 -2.80666 
 1456 -17.3404 10.1198 -2.49216 
 1457 -17.3147 10.0951 -2.18126 
 1458 -17.2836 10.0797 -1.88171 
 1459 -17.2375 10.0842 -1.56338 
 1460 -17.1612 10.0775 -1.26657 
 1461 -17.0897 10.0422 -0.9607 
 1462 -16.9816 9.99212 -0.63816 
 1463 -16.882 9.9662 -0.324859 
 1464 -16.749 9.97798 -0.00929247 
 1465 -16.418 10.0178 0.0269034 
 1466 -16.1354 10.0027 -0.0636956 
 1467 -16.1381 9.97772 -0.363803 
 1468 -16.1465 9.936 -0.680278 
 1469 -16.1623 9.91242 -0.985806 
 1470 -16.1956 9.88725 -1.30578 
 1471 -16.2201 9.9773 -1.62563 
 1472 -16.2739 9.98046 -1.92705 
 1473 -16.3158 9.99855 -2.24718 
 1474 -16.3393 10.0242 -2.55448 
 1475 -16.3639 10.0554 -2.85187 
 1476 -16.3587 10.0901 3.12252 
 1477 -16.3522 10.126 2.80329 
 1478 -16.3254 10.1672 2.49463 
 1479 -16.293 10.1809 2.18747 
 1480 -16.2226 10.1357 1.84987 
 1481 -16.1964 10.1401 1.52771 
 1482 -16.1624 10.1281 1.20373 
 1483 -16.2629 10.0101 1.34567 
 1484 -16.2947 10.0354 1.65249 
 1485 -16.3305 10.0265 1.968 
 1486 -16.3614 10.0073 2.29209 
 1487 -16.394 9.98022 2.60745 
 1488 -16.334 9.98965 2.29993 
 1489 -16.3014 10.0337 1.87847 
 1490 -16.2552 10.0491 1.55836 
 1491 -16.2308 10.0434 1.25425 
 1492 -16.1983 10.0366 0.934272 
 1493 -16.1727 10.0005 0.614352 
 1494 -16.1468 9.97809 0.270691 
 1495 -16.1529 9.93064 -0.0587778 
 1496 -16.1573 9.88687 -0.475892 
 1497 -16.225 9.89406 -0.793282 
 1498 -16.2622 9.90286 -1.12558 
 1499 -16.3052 9.89281 -1.42737 
 1500 -16.3317 9.88823 -1.77199 
 1501 -16.3739 9.91109 -2.09242 
 1502 -16.4123 9.93417 -2.4123 
 1503 -16.4421 9.96502 -2.73224 
 1504 -16.4411 9.99054 -3.05578 
 1505 -16.4488 10.0255 2.92165 
 1506 -16.432 10.0791 2.48932 
 1507 -16.4232 10.1428 2.17166 
 1508 -16.414 10.194 1.85066 
 1509 -16.3669 10.1883 1.51714 
 1510 -16.3432 10.1913 1.22323 
 1511 -16.2939 10.1673 0.819663 
 1512 -16.2722 10.1396 0.508804 
 1513 -16.27 10.1171 0.202375 
 1514 -16.2587 10.0792 -0.129198 
 1515 -16.2625 10.0401 -0.431148 
 1516 -16.2137 9.97138 -0.709766 
 1517 -16.2963 10.0046 -1.01405 
 1518 -16.3718 10.0425 -1.32931 
 1519 -16.3887 9.99776 -1.63917 
 1520 -16.4138 10.0058 -1.9575 
 1521 -16.4448 10.0146 -2.27335 
 1522 -16.4578 10.051 -2.57571 
 1523 -16.4819 10.0735 -2.8888 
 1524 -16.4954 10.1084 3.08797 
 1525 -16.4776 10.1445 2.76549 
 1526 -16.4691 10.1757 2.4488 
 1527 -16.4332 10.2087 2.15035 
 1528 -16.3994 10.2238 1.82657 
 1529 -16.3603 10.2358 1.39307 
 1530 -16.3158 10.2136 1.07653 
 1531 -16.2868 10.2014 0.753913 
 1532 -16.2768 10.1721 0.447019 
 1533 -16.2566 10.1381 0.137419 
 1534 -16.2472 10.103 -0.172491 
 1535 -16.2545 10.0743 -0.480363 
 1536 -16.2389 10.0197 -0.799036 
 1537 -16.1466 9.99514 -0.520708 
 1538 -16.0771 9.98619 -0.21369 
 1539 -15.8125 10.0141 0.0912849 
 1540 -15.517 10.1125 0.328045 
 1541 -15.219 10.1966 0.245612 
 1542 -14.9143 10.2368 0.113014 
 1543 -14.6114 10.2493 0.0385778 
 1544 -14.3218 10.2543 0.0161349 
 1545 -14.0188 10.2611 0.0314988 
 1546 -13.7209 10.2743 0.0402163 
 1547 -13.4128 10.2811 0.0155965 
 1548 -13.1043 10.2806 -0.00513354 
 1549 -12.7954 10.2737 -0.0245183 
 1550 -12.488 10.2348 -0.17217 
 1551 -12.2844 10.1221 -0.489097 
 1552 -12.1521 9.98203 -0.795207 
 1553 -12.0393 9.75471 -1.10702 
 1554 -11.9745 9.45333 -1.39243 
 1555 -11.9581 9.14397 -1.52802 
 1556 -11.956 8.83109 -1.56234 
 1557 -11.9568 8.52749 -1.57374 
 1558 -11.9611 8.20335 -1.58653 
 1559 -11.9724 7.92329 -1.60951 
 1560 -11.9861 7.60813 -1.60891 
 1561 -11.9898 7.28125 -1.5796 
 1562 -11.982 6.96039 -1.53572 
 1563 -11.9686 6.63848 -1.53631 
 1564 -11.9664 6.34431 -1.5663 
 1565 -11.9695 6.03314 -1.57874 
 1566 -11.9728 5.7123 -1.57809 
 1567 -11.9715 5.4017 -1.57043 
 1568 -11.9719 5.09788 -1.57463 
 1569 -11.9763 4.78899 -1.58285 
 1570 -11.9748 4.47432 -1.56783 
 1571 -11.976 4.1638 -1.57564 
 1572 -11.9809 3.8747 -1.58742 
 1573 -11.9886 3.56507 -1.59012 
 1574 -11.9937 3.26097 -1.58946 
 1575 -11.9958 2.95565 -1.56972 
 1576 -11.9963 2.64719 -1.57639 
 1577 -12.0034 2.33898 -1.58884 
 1578 -12.0119 2.02981 -1.60946 
 1579 -12.0718 1.71701 -1.81215 
 1580 -12.1807 1.53333 -2.12882 
 1581 -12.2826 1.46692 -2.44138 
 1582 -12.3141 1.47245 -2.75265 
 1583 -12.4518 1.43748 -3.05911 
 1584 -12.6113 1.4492 2.9168 
 1585 -12.8468 1.52937 2.59971 
 1586 -12.9583 1.6293 2.2978 
 1587 -13.0438 1.75813 1.99655 
 1588 -13.0997 1.96291 1.69078 
 1589 -13.0981 2.27345 1.40396 
 1590 -13.0042 2.55499 1.09718 
 1591 -13.0045 2.55527 0.775438 
 1592 -13.0048 2.56599 0.448375 
 1593 -13.0049 2.54639 0.124669 
 1594 -13.0049 2.55639 -0.195658 
 1595 -12.9949 2.55639 -0.502514 
 1596 -12.9952 2.55612 -0.806956 
