 0 0 0 5.22581e-05 
 1 0.101529 -0.0356545 -0.318579 
 2 0.190336 -0.131086 -0.642229 
 3 0.24898 -0.228881 -0.94968 
 4 0.322639 -0.531775 -1.25981 
 5 0.430135 -0.820967 -1.19601 
 6 0.582148 -1.09416 -1.07869 
 7 0.745326 -1.35846 -1.01281 
 8 0.918735 -1.61187 -0.965681 
 9 1.09359 -1.85745 -0.942462 
 10 1.28387 -2.09292 -0.883487 
 11 1.28787 -2.13974 -1.18887 
 12 1.24157 -2.14784 -1.51375 
 13 1.20503 -2.14405 -1.83104 
 14 1.16257 -2.15693 -2.15437 
 15 1.11726 -2.15079 -2.47394 
 16 1.04078 -2.15171 -2.79597 
 17 0.955885 -2.13904 -3.12447 
 18 0.896487 -2.08368 2.83024 
 19 0.829754 -2.0081 2.50752 
 20 0.773024 -1.89995 2.18236 
 21 0.748772 -1.75712 1.85298 
 22 0.764264 -1.45376 1.60464 
 23 0.747626 -1.14382 1.59063 
 24 0.743482 -0.839226 1.58332 
 25 0.739748 -0.535456 1.58537 
 26 0.707545 -0.226992 1.69563 
 27 0.640405 0.0756328 1.80322 
 28 0.548313 0.372785 1.8764 
 29 0.441348 0.656929 1.89907 
 30 0.352766 0.959654 1.8991 
 31 0.250597 1.25113 1.90795 
 32 0.147257 1.54309 1.91205 
 33 0.0389391 1.82634 1.93565 
 34 -0.043648 1.94453 2.22554 
 35 -0.0780941 1.92732 2.53126 
 36 -0.182993 1.93718 2.85251 
 37 -0.303267 1.90931 -3.11816 
 38 -0.407711 1.85289 -2.79674 
 39 -0.496734 1.76741 -2.49296 
 40 -0.571437 1.64211 -2.18776 
 41 -0.664737 1.35892 -1.90859 
 42 -0.762845 1.07237 -1.85984 
 43 -0.875041 0.763251 -1.97539 
 44 -1.03745 0.507084 -2.13757 
 45 -1.22049 0.247098 -2.20877 
 46 -1.40763 0.0182492 -2.23864 
 47 -1.59819 -0.233181 -2.23862 
 48 -1.78847 -0.466316 -2.23551 
 49 -1.97648 -0.711653 -2.22599 
 50 -2.16516 -0.959899 -2.22046 
 51 -2.3504 -1.20575 -2.21454 
 52 -2.53524 -1.46202 -2.21491 
 53 -2.73182 -1.69888 -2.24451 
 54 -2.89655 -1.82879 -2.55228 
 55 -3.08473 -1.86869 -2.86829 
 56 -3.39063 -1.88929 -3.02007 
 57 -3.70119 -1.91687 -3.05864 
 58 -4.01235 -1.93716 -3.07933 
 59 -4.32063 -1.96659 -3.02797 
 60 -4.62134 -2.03424 -2.9036 
 61 -4.91574 -2.12652 -2.83047 
 62 -5.20626 -2.23581 -2.75773 
 63 -5.48604 -2.3036 -2.97418 
 64 -5.78467 -2.33844 -3.0298 
 65 -6.1017 -2.36544 -3.06462 
 66 -6.39987 -2.39898 -3.02257 
 67 -6.71718 -2.44574 -2.98689 
 68 -7.01287 -2.49791 -2.96237 
 69 -7.31469 -2.55976 -2.92705 
 70 -7.60532 -2.67008 -2.75746 
 71 -7.87902 -2.80359 -2.68436 
 72 -8.15582 -2.94323 -2.67397 
 73 -8.43532 -3.07352 -2.71364 
 74 -8.72176 -3.18965 -2.75639 
 75 -9.00974 -3.30853 -2.73405 
 76 -9.30787 -3.37095 -3.01793 
 77 -9.61844 -3.34934 3.05218 
 78 -9.92641 -3.31761 3.03648 
 79 -10.2357 -3.29659 3.08593 
 80 -10.5457 -3.28952 3.12111 
 81 -10.8563 -3.2865 3.13298 
 82 -11.1537 -3.28633 -3.14022 
 83 -11.4629 -3.28262 3.13021 
 84 -11.7797 -3.27696 3.12272 
 85 -12.0978 -3.26629 3.10417 
 86 -12.4135 -3.24806 3.07719 
 87 -12.701 -3.21766 3.02946 
 88 -12.9085 -3.25421 -2.9424 
 89 -13.043 -3.34361 -2.63721 
 90 -13.2839 -3.53636 -2.44228 
 91 -13.5106 -3.73685 -2.44362 
 92 -13.7608 -3.92121 -2.5114 
 93 -14.0211 -4.0909 -2.56617 
 94 -14.2912 -4.25169 -2.59108 
 95 -14.5507 -4.42088 -2.58581 
 96 -14.8016 -4.49708 -2.88888 
 97 -15.1175 -4.52629 -2.97602 
 98 -15.4202 -4.59089 -2.91913 
 99 -15.708 -4.67933 -2.84323 
 100 -16.0114 -4.78849 -2.81064 
 101 -16.3162 -4.88523 -2.8296 
 102 -16.5946 -4.9605 -2.86754 
 103 -16.8866 -5.04645 -2.84998 
 104 -17.1912 -5.10405 -3.00027 
 105 -17.5119 -5.12158 -3.0961 
 106 -17.8215 -5.12698 -3.12847 
 107 -18.1306 -5.12582 3.13711 
 108 -18.4326 -5.12253 3.12991 
 109 -18.7408 -5.11696 3.12269 
 110 -19.0506 -5.10911 3.11531 
 111 -19.3577 -5.07265 2.99779 
 112 -19.6623 -5.01511 2.95555 
 113 -19.9783 -4.95678 2.95198 
 114 -20.2824 -4.89349 2.93478 
 115 -20.5815 -4.81544 2.87368 
 116 -20.8705 -4.7074 2.764 
 117 -21.1454 -4.56509 2.64209 
 118 -21.4005 -4.38661 2.50907 
 119 -21.6379 -4.1821 2.39529 
 120 -21.8287 -3.96005 2.1793 
 121 -21.8747 -3.77557 1.86336 
 122 -21.8768 -3.44522 1.55746 
 123 -21.8224 -3.2516 1.25095 
 124 -21.7185 -3.13947 0.948145 
 125 -21.5757 -3.05535 0.62768 
 126 -21.3836 -2.99688 0.311434 
 127 -21.0766 -2.9679 0.0862901 
 128 -21.0254 -2.9384 0.371995 
 129 -20.8104 -2.91628 0.096291 
 130 -20.5115 -2.95195 -0.132622 
 131 -20.1951 -2.99338 -0.135141 
 132 -19.8966 -3.03234 -0.126045 
 133 -19.6789 -3.02167 0.15353 
 134 -19.7002 -2.98678 0.473754 
 135 -19.7319 -2.96724 0.797379 
 136 -19.7611 -2.94654 1.12352 
 137 -19.7843 -2.93642 1.42678 
 138 -19.8098 -2.93682 1.74018 
 139 -19.8838 -2.94826 2.0495 
 140 -19.9551 -2.90624 2.34357 
 141 -20.0583 -2.87281 2.65106 
 142 -20.2024 -2.86055 2.97475 
 143 -20.4893 -2.92581 -3.01808 
 144 -20.8064 -2.93889 -3.06896 
 145 -21.1134 -2.95669 -3.12126 
 146 -21.4194 -2.95963 -3.13317 
 147 -21.7273 -2.95988 3.13941 
 148 -22.0422 -2.92879 2.89853 
 149 -22.1931 -2.83018 2.59395 
 150 -22.2965 -2.68613 2.27305 
 151 -22.3647 -2.49552 1.95652 
 152 -22.4083 -2.16845 1.73899 
 153 -22.442 -1.86035 1.6837 
 154 -22.4593 -1.55141 1.61572 
 155 -22.4653 -1.25018 1.58917 
 156 -22.484 -1.03695 1.90099 
 157 -22.5251 -1.06329 2.21077 
 158 -22.6601 -0.848309 1.91375 
 159 -22.7018 -0.534986 1.67256 
 160 -22.7162 -0.225511 1.64409 
 161 -22.7549 0.0925372 1.71301 
 162 -22.8226 0.394239 1.80367 
 163 -22.9073 0.691648 1.85557 
 164 -22.9989 0.988154 1.87317 
 165 -23.0912 1.28577 1.86901 
 166 -23.1963 1.58181 1.88884 
 167 -23.3212 1.86689 2.01569 
 168 -23.5048 2.1155 2.23779 
 169 -23.7307 2.32835 2.4027 
 170 -23.9631 2.52044 2.4463 
 171 -24.1621 2.68841 2.14234 
 172 -24.1378 2.77727 1.82887 
 173 -24.1047 2.90723 1.50557 
 174 -24.0349 3.01384 1.18959 
 175 -23.9455 3.0992 0.87907 
 176 -23.7211 3.24221 0.574577 
 177 -23.4832 3.42 0.736114 
 178 -23.357 3.65613 1.04238 
 179 -23.2496 3.9584 1.22813 
 180 -23.1627 4.2563 1.28598 
 181 -23.0843 4.56663 1.31931 
 182 -23.0106 4.86704 1.33154 
 183 -22.9494 5.17099 1.38417 
 184 -22.9094 5.47777 1.45049 
 185 -22.8582 5.78228 1.29078 
 186 -22.7969 6.08615 1.37915 
 187 -22.745 6.39157 1.40367 
 188 -22.6961 6.69767 1.41287 
 189 -22.6463 7.00342 1.40935 
 190 -22.5959 7.30935 1.41042 
 191 -22.5561 7.61618 1.448 
 192 -22.5296 7.92717 1.48812 
 193 -22.5067 8.22942 1.49143 
 194 -22.4728 8.53695 1.45699 
 195 -22.4392 8.84374 1.46647 
 196 -22.4143 9.15002 1.4972 
 197 -22.3938 9.45951 1.49992 
 198 -22.3508 9.76545 1.41088 
 199 -22.2655 10.0628 1.26491 
 200 -22.1536 10.3504 1.19107 
 201 -22.0277 10.6334 1.14467 
 202 -21.8961 10.9103 1.12506 
 203 -21.7572 11.1859 1.10127 
 204 -21.6069 11.4627 1.08101 
 205 -21.4441 11.7289 0.815496 
 206 -21.3092 11.7634 0.495206 
 207 -21.1868 11.7704 0.177093 
 208 -21.0095 11.7282 -0.135281 
 209 -20.7 11.6522 -0.243039 
 210 -20.4049 11.5826 -0.225196 
 211 -20.0989 11.5349 -0.136939 
 212 -19.7904 11.5109 -0.0717573 
 213 -19.4828 11.4892 -0.0707888 
 214 -19.1745 11.4657 -0.077722 
 215 -18.8653 11.4434 -0.064122 
 216 -18.55 11.4234 -0.0735722 
 217 -18.2508 11.401 -0.0170955 
 218 -18.1013 11.4583 0.300538 
 219 -17.8513 11.6212 0.514377 
 220 -17.5398 11.7201 0.281279 
 221 -17.2115 11.7406 0.0865584 
 222 -16.9118 11.7262 -0.0705429 
 223 -16.6137 11.686 -0.129353 
 224 -16.3124 11.6256 -0.279218 
 225 -16.0384 11.4647 -0.5516 
 226 -15.7699 11.3349 -0.448225 
 227 -15.4821 11.1997 -0.45954 
 228 -15.1871 11.0579 -0.482679 
 229 -14.9213 10.9134 -0.497035 
 230 -14.6494 10.7683 -0.484312 
 231 -14.3743 10.6299 -0.462401 
 232 -14.1049 10.4997 -0.431933 
 233 -13.8217 10.3785 -0.386958 
 234 -13.5361 10.2615 -0.395162 
 235 -13.2712 10.1102 -0.522695 
 236 -12.9995 9.96826 -0.42734 
 237 -12.875 9.9652 -0.119591 
 238 -12.6302 10.0107 0.196775 
 239 -12.3408 10.1467 0.456408 
 240 -12.0591 10.2729 0.357403 
 241 -11.7753 10.3984 0.4215 
 242 -11.4972 10.5337 0.455431 
 243 -11.2238 10.6648 0.440188 
 244 -10.9387 10.789 0.410706 
 245 -10.6514 10.9078 0.388874 
 246 -10.3602 11.0118 0.335852 
 247 -10.0698 11.1172 0.36311 
 248 -9.80739 11.2615 0.66534 
 249 -9.84271 11.2853 0.961531 
 250 -9.87389 11.3007 1.26486 
 251 -9.9091 11.296 1.57552 
 252 -9.94538 11.2899 1.8968 
 253 -9.98679 11.2736 2.20601 
 254 -10.0119 11.2482 2.51819 
 255 -10.0282 11.2056 2.83585 
 256 -10.0335 11.18 -3.13243 
 257 -10.0275 11.1444 -2.81699 
 258 -10.0012 11.1029 -2.51068 
 259 -9.96698 11.0886 -2.21016 
 260 -9.9747 10.993 -1.90724 
 261 -9.96238 10.8836 -1.59485 
 262 -9.90475 10.7712 -1.29253 
 263 -9.81783 10.6788 -0.964062 
 264 -9.67743 10.5842 -0.654157 
 265 -9.39784 10.4515 -0.439524 
 266 -9.11585 10.325 -0.437504 
 267 -8.84791 10.1688 -0.5613 
 268 -8.59406 9.97893 -0.619458 
 269 -8.37896 9.77394 -0.758339 
 270 -8.15832 9.55809 -0.767125 
 271 -7.92228 9.33644 -0.746055 
 272 -7.68513 9.13576 -0.709561 
 273 -7.44978 8.94445 -0.675393 
 274 -7.20413 8.7749 -0.648701 
 275 -6.96965 8.57142 -0.723662 
 276 -6.7494 8.35536 -0.782397 
 277 -6.52358 8.13312 -0.799713 
 278 -6.33001 7.89676 -0.812755 
 279 -6.10417 7.68462 -0.806075 
 280 -5.91118 7.44283 -0.914974 
 281 -5.73808 7.18549 -0.985638 
 282 -5.57475 6.92296 -1.0117 
 283 -5.41628 6.65738 -1.01686 
 284 -5.27751 6.4007 -1.03712 
 285 -5.23591 6.20035 -1.34423 
 286 -5.19336 5.89402 -1.42715 
 287 -5.13693 5.59043 -1.37299 
 288 -5.05516 5.29052 -1.29373 
 289 -4.95493 4.99711 -1.2355 
 290 -4.8473 4.71191 -1.20775 
 291 -4.73514 4.42205 -1.20033 
 292 -4.62379 4.14027 -1.19031 
 293 -4.49838 3.86739 -1.11909 
 294 -4.44415 3.86124 -0.812363 
 295 -4.40704 3.86923 -0.504923 
 296 -4.3651 3.84659 -0.194602 
 297 -4.30824 3.88984 0.117182 
 298 -4.26483 3.9445 0.436663 
 299 -4.20009 4.03555 0.744998 
 300 -4.15174 4.14923 1.05221 
 301 -4.1396 4.30591 1.3676 
 302 -4.14199 4.60643 1.54786 
 303 -4.14268 4.91681 1.57832 
 304 -4.12881 5.22047 1.55045 
 305 -4.1003 5.52858 1.46117 
 306 -4.01324 5.82905 1.30347 
 307 -3.90713 6.11958 1.21161 
 308 -3.79437 6.40357 1.148 
 309 -3.64231 6.67285 1.03067 
 310 -3.56919 6.72342 0.735309 
 311 -3.47978 6.73923 0.426326 
 312 -3.34934 6.73578 0.103037 
 313 -3.23392 6.69412 -0.220518 
 314 -3.13727 6.60782 -0.540722 
 315 -3.06604 6.50679 -0.847814 
 316 -2.95122 6.21575 -1.11179 
 317 -2.766 5.9608 -0.97619 
 318 -2.60097 5.69911 -1.0382 
 319 -2.51023 5.39952 -1.30341 
 320 -2.45786 5.27234 -1.00476 
 321 -2.38831 5.25804 -0.701774 
 322 -2.32229 5.26709 -0.382517 
 323 -2.24148 5.28056 -0.0736945 
 324 -2.16072 5.32156 0.242243 
 325 -2.08824 5.39354 0.553652 
 326 -2.03188 5.49394 0.854455 
 327 -1.98008 5.64265 1.17221 
 328 -1.94387 5.90351 1.47917 
 329 -1.94659 6.21169 1.58499 
 330 -1.96346 6.5213 1.62805 
 331 -1.94902 6.52947 1.34027 
 332 -1.86804 6.61505 1.01019 
 333 -1.75385 6.68071 0.686523 
 334 -1.635 6.7131 0.38569 
 335 -1.31712 6.74286 0.110318 
 336 -1.00779 6.76849 0.0784615 
 337 -0.701163 6.81616 0.183536 
 338 -0.403321 6.8957 0.265603 
 339 -0.116769 7.00098 0.369741 
 340 0.0312505 7.0203 0.0826995 
 341 0.0289435 6.99556 -0.221438 
 342 0.0153025 6.96157 -0.541442 
 343 0.00173623 6.93356 -0.864031 
 344 -0.0186667 6.87528 -1.18045 
 345 -0.0271426 6.75819 -1.50386 
 346 -0.0719836 6.64496 -1.82715 
 347 -0.149236 6.55726 -2.15391 
 348 -0.264892 6.49391 -2.4741 
 349 -0.385234 6.46611 -2.79566 
 350 -0.694327 6.43519 -3.06666 
 351 -0.99729 6.43501 -3.11002 
 352 -1.3169 6.43485 -3.13511 
 353 -1.62033 6.43955 3.12338 
 354 -1.92847 6.42436 -3.0717 
 355 -2.23179 6.35745 -2.93844 
 356 -2.53295 6.28386 -2.90013 
 357 -2.82581 6.20335 -2.86447 
 358 -3.12286 6.11302 -2.84882 
 359 -3.4205 6.03118 -2.83416 
 360 -3.71114 5.92961 -2.75841 
 361 -3.9872 5.78036 -2.66093 
 362 -4.25669 5.62921 -2.62408 
 363 -4.52001 5.47737 -2.61826 
 364 -4.78855 5.32229 -2.61728 
 365 -5.05056 5.17142 -2.62045 
 366 -5.32028 5.01839 -2.62444 
 367 -5.58978 4.86727 -2.62934 
 368 -5.85971 4.7197 -2.64517 
 369 -6.13778 4.58115 -2.67978 
 370 -6.42765 4.44973 -2.70402 
 371 -6.7007 4.32467 -2.72995 
 372 -6.97914 4.21309 -2.76382 
 373 -7.26501 4.116 -2.8268 
 374 -7.56749 4.03804 -2.88012 
 375 -7.87256 4.00072 -3.04414 
 376 -8.18279 3.99417 -3.13312 
 377 -8.47791 4.01226 3.05972 
 378 -8.78296 4.07042 2.93887 
 379 -9.07011 4.16963 2.77692 
 380 -9.33369 4.34391 2.54868 
 381 -9.56323 4.54299 2.41152 
 382 -9.78474 4.75964 2.36601 
 383 -9.99936 4.9742 2.35943 
 384 -10.2245 5.17973 2.38014 
 385 -10.4459 5.37932 2.36449 
 386 -10.6584 5.61547 2.31582 
 387 -10.8629 5.83008 2.30921 
 388 -11.0691 6.05965 2.29779 
 389 -11.2782 6.3054 2.29683 
 390 -11.3274 6.3083 2.61434 
 391 -11.3402 6.28476 2.92845 
 392 -11.3322 6.24878 -3.04144 
 393 -11.3611 6.21484 -2.72551 
 394 -11.4155 6.13136 -2.41385 
 395 -11.4637 6.021 -2.1063 
 396 -11.4678 5.89895 -1.80316 
 397 -11.4444 5.77643 -1.49489 
 398 -11.3401 5.49461 -1.20738 
 399 -11.2342 5.20314 -1.23736 
 400 -11.1585 4.9098 -1.33168 
 401 -11.1046 4.59663 -1.39746 
 402 -11.0608 4.30085 -1.43261 
 403 -11.0226 3.98484 -1.44833 
 404 -10.9864 3.67775 -1.45302 
 405 -10.9495 3.37078 -1.45072 
 406 -10.9226 3.05412 -1.44613 
 407 -10.8797 2.74754 -1.42882 
 408 -10.8206 2.43968 -1.3507 
 409 -10.754 2.16126 -1.38714 
 410 -10.7497 1.85883 -1.54803 
 411 -10.7472 1.54567 -1.57024 
 412 -10.7995 1.36968 -1.86395 
 413 -10.8778 1.27257 -2.17138 
 414 -10.9946 1.21114 -2.495 
 415 -11.1147 1.18478 -2.80388 
 416 -11.4127 1.18822 3.13626 
 417 -11.7159 1.19119 3.10592 
 418 -12.0247 1.22282 3.07222 
 419 -12.3344 1.23916 3.09044 
 420 -12.6436 1.2472 3.11888 
 421 -12.9468 1.24861 -3.13929 
 422 -13.2563 1.24337 -3.11977 
 423 -13.5656 1.23173 -3.10463 
 424 -13.8786 1.21994 -3.09982 
 425 -14.1787 1.20339 -3.10116 
 426 -14.4987 1.20315 -3.14097 
 427 -14.8095 1.20291 -3.13876 
 428 -15.1187 1.19739 -3.11639 
 429 -15.4276 1.17711 -3.06095 
 430 -15.72 1.10951 -2.88518 
 431 -15.9972 0.968375 -2.63196 
 432 -16.2397 0.776008 -2.44662 
 433 -16.454 0.561082 -2.36877 
 434 -16.6819 0.342308 -2.37465 
 435 -16.7926 0.283515 -2.66893 
 436 -16.8137 0.306482 -2.97771 
 437 -16.8138 0.343125 2.98547 
 438 -16.8124 0.37812 2.66544 
 439 -16.7807 0.407426 2.3455 
 440 -16.7628 0.432265 2.02711 
 441 -16.7551 0.533549 1.7044 
 442 -16.707 0.648323 1.38433 
 443 -16.6344 0.758293 1.06007 
 444 -16.5348 0.830637 0.749628 
 445 -16.3985 0.876445 0.449591 
 446 -16.0982 0.957143 0.270134 
 447 -15.7882 1.04254 0.273819 
 448 -15.483 1.08495 0.160019 
 449 -15.1772 1.11425 0.0863366 
 450 -14.8696 1.13188 0.0575575 
 451 -14.5591 1.14478 0.03486 
 452 -14.2392 1.1501 0.0116673 
 453 -13.9467 1.15072 0.00280009 
 454 -13.6259 1.14944 -0.0080917 
 455 -13.3186 1.15119 0.0171227 
 456 -13.009 1.16756 0.0426086 
 457 -12.7009 1.16385 0.0198668 
 458 -12.3861 1.12428 -0.195674 
 459 -12.2238 1.02964 -0.512029 
 460 -12.1145 0.899749 -0.831397 
 461 -12.0451 0.722861 -1.14232 
 462 -12.0025 0.415542 -1.44954 
 463 -11.9828 0.0951994 -1.51241 
 464 -11.9723 -0.202985 -1.54281 
 465 -11.9669 -0.512567 -1.55334 
 466 -11.9661 -0.833923 -1.57187 
 467 -11.968 -1.13641 -1.57664 
 468 -11.9791 -1.44462 -1.62037 
 469 -12.0054 -1.74857 -1.65443 
 470 -12.005 -2.0587 -1.54865 
 471 -11.9994 -2.36311 -1.55596 
 472 -11.9946 -2.66925 -1.60654 
 473 -12.0351 -2.87174 -1.92037 
 474 -12.1729 -3.03237 -2.22897 
 475 -12.4237 -3.22902 -2.47641 
 476 -12.6955 -3.39474 -2.56762 
 477 -12.9255 -3.61396 -2.28194 
 478 -13.0194 -3.82788 -1.9755 
 479 -13.0254 -4.01992 -1.66939 
 480 -12.9817 -4.18577 -1.35445 
 481 -12.8681 -4.37794 -1.04085 
 482 -12.6533 -4.5999 -0.770921 
 483 -12.4108 -4.79051 -0.664508 
 484 -12.1686 -4.97338 -0.64916 
 485 -11.9178 -5.15716 -0.654722 
 486 -11.7152 -5.34795 -0.949725 
 487 -11.7388 -5.3745 -1.28051 
 488 -11.7753 -5.37925 -1.60224 
 489 -11.8213 -5.37227 -1.91886 
 490 -11.8533 -5.35445 -2.23883 
 491 -11.9056 -5.34213 -2.55856 
 492 -12.0141 -5.34534 -2.86502 
 493 -12.1226 -5.32414 3.09468 
 494 -12.2499 -5.26593 2.77109 
 495 -12.3436 -5.17632 2.44746 
 496 -12.3834 -5.04509 2.13288 
 497 -12.5152 -4.76351 2.02921 
 498 -12.6895 -4.51431 2.21271 
 499 -12.8568 -4.26362 2.08407 
 500 -12.8749 -4.09716 1.78124 
 501 -12.8617 -3.85653 1.48237 
 502 -12.7802 -3.64039 1.18133 
 503 -12.6623 -3.52499 0.871844 
 504 -12.5134 -3.44331 0.551557 
 505 -12.3047 -3.39647 0.251083 
 506 -12.0011 -3.37089 0.0774886 
 507 -11.702 -3.3514 0.0269334 
 508 -11.3879 -3.3508 -0.00603137 
 509 -11.0783 -3.35554 -0.0160039 
 510 -10.7687 -3.35973 -0.00714545 
 511 -10.4486 -3.36103 -0.00541587 
 512 -10.1389 -3.36508 -0.0150339 
 513 -9.82915 -3.36834 -0.00482817 
 514 -9.52484 -3.36854 -0.00141248 
 515 -9.21477 -3.36755 -0.00230713 
 516 -8.91115 -3.37108 -0.00835135 
 517 -8.60134 -3.35884 0.0412759 
 518 -8.29743 -3.34979 0.0220256 
 519 -7.98833 -3.34825 0.00496869 
 520 -7.68501 -3.3497 -0.0104372 
 521 -7.37541 -3.36534 -0.0663826 
 522 -7.07319 -3.38975 -0.0766638 
 523 -6.76409 -3.40982 -0.0634536 
 524 -6.46137 -3.43135 -0.0799395 
 525 -6.14994 -3.50486 -0.29075 
 526 -5.9605 -3.62878 -0.591431 
 527 -5.80959 -3.8248 -0.896383 
 528 -5.67432 -4.10558 -1.14559 
 529 -5.56635 -4.39014 -1.20474 
 530 -5.45465 -4.67775 -1.19582 
 531 -5.33222 -4.96233 -1.15975 
 532 -5.2018 -5.25208 -1.12649 
 533 -5.02651 -5.49715 -0.813657 
 534 -5.00451 -5.45856 -0.502053 
 535 -5.00234 -5.42469 -0.187626 
 536 -5.00142 -5.38738 0.134851 
 537 -5.01169 -5.3531 0.447261 
 538 -5.01873 -5.31716 0.752907 
 539 -4.97828 -5.20985 1.06605 
 540 -4.96976 -5.08979 1.37363 
 541 -5.00751 -4.98017 1.67749 
 542 -5.06881 -4.87433 1.98159 
 543 -5.18191 -4.77381 2.2963 
 544 -5.41443 -4.56856 2.40477 
 545 -5.6115 -4.31792 2.2063 
 546 -5.70354 -4.09138 1.90445 
 547 -5.72375 -3.78194 1.60803 
 548 -5.70371 -3.46456 1.49116 
 549 -5.65112 -3.16509 1.42744 
 550 -5.59652 -2.86086 1.39437 
 551 -5.53471 -2.56477 1.36216 
 552 -5.46633 -2.26386 1.34108 
 553 -5.39469 -1.96371 1.33546 
 554 -5.3209 -1.65347 1.32881 
 555 -5.24744 -1.35988 1.32515 
 556 -5.17225 -1.07134 1.32415 
 557 -5.09702 -0.762457 1.32401 
 558 -5.02109 -0.463292 1.32222 
 559 -4.94487 -0.16396 1.32127 
 560 -4.86802 0.135606 1.31834 
 561 -4.79306 0.427936 1.31911 
 562 -4.7159 0.727928 1.31834 
 563 -4.63959 1.02041 1.31501 
 564 -4.56066 1.31937 1.3128 
 565 -4.48255 1.61914 1.31641 
 566 -4.40315 1.91937 1.31179 
 567 -4.32595 2.21237 1.31273 
 568 -4.24767 2.51203 1.31643 
 569 -4.17417 2.81232 1.3297 
 570 -4.09984 3.11259 1.32607 
 571 -4.02462 3.40614 1.3182 
 572 -3.95744 3.70647 1.35193 
 573 -3.91039 4.00615 1.42647 
 574 -3.88771 4.31511 1.49904 
 575 -3.86369 4.62227 1.49179 
 576 -3.83741 4.92967 1.48453 
 577 -3.80939 5.23167 1.47738 
 578 -3.77543 5.5457 1.43844 
 579 -3.69194 5.71854 1.13378 
 580 -3.56126 5.83745 0.82014 
 581 -3.41009 5.91338 0.513979 
 582 -3.16584 5.963 0.204527 
 583 -2.85671 5.98656 0.0698546 
 584 -2.54771 6.00021 0.0420386 
 585 -2.24451 6.00662 0.0195762 
 586 -1.93935 6.02362 0.0647238 
 587 -1.62889 6.04565 0.0731398 
 588 -1.31927 6.04812 -8.29812e-06 
 589 -1.01023 6.03106 -0.0567512 
 590 -0.701212 6.01156 -0.0641411 
 591 -0.392816 5.99156 -0.0581546 
 592 -0.0819956 6.00364 0.0582508 
 593 0.221416 6.01197 0.0124528 
 594 0.529465 6.01355 0.00461354 
 595 0.839093 6.01478 0.00359358 
 596 1.15317 5.99195 -0.100561 
 597 1.43663 5.88798 -0.356647 
 598 1.51276 5.80454 -0.654777 
 599 1.57702 5.67562 -0.971555 
 600 1.61335 5.51244 -1.2743 
 601 1.60422 5.33209 -1.59981 
 602 1.53775 5.16 -1.91839 
 603 1.39455 4.97654 -2.21496 
 604 1.27714 4.90075 -2.51133 
 605 1.26095 4.94213 -2.81603 
 606 1.25492 4.97828 -3.13963 
 607 1.25069 5.0045 2.81629 
 608 1.2678 5.04693 2.4996 
 609 1.28415 5.07241 2.17597 
 610 1.32686 5.08809 1.8627 
 611 1.36336 5.1029 1.53421 
 612 1.39771 5.09633 1.22894 
 613 1.36347 5.1029 1.52281 
 614 1.32882 5.08928 1.82345 
 615 1.29525 5.07458 2.14693 
 616 1.2681 5.04999 2.46335 
 617 1.25995 5.01817 2.78328 
 618 1.25273 4.97223 3.10334 
 619 1.26719 4.93585 -2.86321 
 620 1.28172 4.9142 -2.5662 
 621 1.30629 4.88703 -2.23931 
 622 1.33829 4.86919 -1.91241 
 623 1.37434 4.87258 -1.59582 
 624 1.41066 4.87751 -1.27221 
 625 1.44352 4.89373 -0.955727 
 626 1.46969 4.92936 -0.632332 
 627 1.47636 4.96199 -0.315888 
 628 1.48205 4.9882 0.00769481 
 629 1.46593 5.03434 0.32431 
 630 1.45887 5.05676 0.647767 
 631 1.42254 5.08198 0.962606 
 632 1.38857 5.09813 1.29115 
 633 1.35218 5.09251 1.61126 
 634 1.31626 5.08521 1.93135 
 635 1.28448 5.06698 2.25131 
 636 1.27104 5.04124 2.55522 
 637 1.25589 4.99788 2.87516 
 638 1.262 4.97143 -3.0844 
 639 1.2599 4.92564 -2.76782 
 640 1.28854 4.9041 -2.44787 
 641 1.31615 4.87002 -2.12099 
 642 1.34824 4.86652 -1.81703 
 643 1.38476 4.87336 -1.50389 
 644 1.42048 4.88161 -1.18381 
 645 1.45177 4.90066 -0.863867 
 646 1.46548 4.93859 -0.543965 
 647 1.4792 4.97256 -0.224003 
 648 1.48154 4.99914 0.0961368 
 649 1.46226 5.0446 0.416198 
 650 1.4423 5.06532 0.736137 
 651 1.41405 5.088 1.05599 
 652 1.4424 5.06539 0.753241 
 653 1.48957 5.06194 0.434432 
 654 1.55902 5.0317 0.114654 
 655 1.61361 4.99356 -0.206835 
 656 1.60092 4.97015 -0.522391 
 657 1.59182 4.92489 -0.823146 
 658 1.56234 4.89505 -1.13346 
 659 1.52865 4.89521 -1.43983 
 660 1.50231 4.88622 -1.76078 
 661 1.45943 4.88793 -2.06199 
 662 1.43141 4.91898 -2.3714 
 663 1.41041 4.939 -2.68784 
 664 1.40006 4.98226 -2.98836 
 665 1.39032 5.00892 2.97116 
 666 1.40221 5.04358 2.65112 
 667 1.41439 5.07274 2.33118 
 668 1.44443 5.10335 2.01311 
 669 1.47782 5.11833 1.69794 
 670 1.52346 5.41817 1.52649 
 671 1.53948 5.73527 1.51945 
 672 1.59466 5.85804 1.22364 
 673 1.68864 5.93719 0.902765 
 674 1.79837 5.99156 0.583209 
 675 1.91955 6.00997 0.272558 
 676 2.07598 5.99166 -0.0502724 
 677 2.38802 5.9272 -0.191443 
 678 2.69206 5.86864 -0.185504 
 679 2.98843 5.81167 -0.256111 
 680 3.18306 5.69379 -0.560066 
 681 3.28777 5.55084 -0.864279 
 682 3.34976 5.3852 -1.18018 
 683 3.46606 5.12389 -0.853191 
 684 3.48888 5.15108 -0.546784 
 685 3.5025 5.19415 -0.234491 
 686 3.49533 5.20949 0.0819956 
 687 3.491 5.23582 0.394488 
 688 3.52063 5.29934 0.7032 
 689 3.57026 5.40824 1.01399 
 690 3.57564 5.52923 1.32348 
 691 3.55456 5.65054 1.62782 
 692 3.48633 5.78919 1.93394 
 693 3.30621 6.04867 2.15128 
 694 3.13725 6.3062 2.14505 
 695 2.98327 6.56897 2.09471 
 696 2.83399 6.83917 2.07043 
 697 2.69153 7.10825 2.05708 
 698 2.54689 7.38106 2.05689 
 699 2.40499 7.64994 2.05647 
 700 2.25932 7.92039 2.06633 
 701 2.11481 8.1888 2.06437 
 702 1.96609 8.45981 2.07336 
 703 1.81535 8.7252 2.09212 
 704 1.65609 8.99123 2.07791 
 705 1.50695 9.26417 2.08307 
 706 1.49209 9.42736 1.76587 
 707 1.52146 9.61181 1.45092 
 708 1.63339 9.87611 1.14575 
 709 1.79841 10.1273 0.978285 
 710 1.99509 10.3745 0.888117 
 711 1.97138 10.3994 1.18607 
 712 1.93527 10.4076 1.50944 
 713 1.89798 10.4007 1.82423 
 714 1.86761 10.4025 2.13371 
 715 1.76809 10.4546 2.44513 
 716 1.64995 10.4882 2.74814 
 717 1.52029 10.484 3.06702 
 718 1.35698 10.4341 -2.90454 
 719 1.04496 10.33 -2.81195 
 720 0.769716 10.2613 -2.93435 
 721 0.462603 10.2212 -3.0205 
 722 0.145661 10.1994 -3.07335 
 723 -0.136373 10.2232 2.89595 
 724 -0.131918 10.2568 2.57602 
 725 -0.120415 10.2874 2.25228 
 726 -0.133039 10.3989 1.92954 
 727 -0.122171 10.5299 1.61002 
 728 -0.073389 10.6422 1.28655 
 729 0.018752 10.7336 0.963059 
 730 0.144874 10.8138 0.64703 
 731 0.409069 10.9747 0.564657 
 732 0.646196 11.1747 0.727497 
 733 0.854418 11.4091 0.846205 
 734 1.01984 11.6704 1.05752 
 735 1.11721 11.9484 1.27677 
 736 1.15787 12.266 1.45989 
 737 1.16555 12.5706 1.5564 
 738 1.15492 12.8813 1.61861 
 739 1.10518 13.1779 1.75957 
 740 0.99424 13.4382 2.09165 
 741 0.947192 13.4691 2.40236 
 742 0.907064 13.4382 2.72388 
 743 0.897724 13.4028 3.04391 
 744 0.91001 13.3662 -2.91914 
 745 0.923685 13.3322 -2.59913 
 746 0.947353 13.3042 -2.27922 
 747 0.978614 13.2951 -1.9593 
 748 1.01431 13.2868 -1.63925 
 749 1.05081 13.3002 -1.31912 
 750 1.0844 13.3149 -0.999129 
 751 1.10165 13.3393 -0.679221 
 752 1.11983 13.3711 -0.359296 
 753 1.12709 13.4071 -0.0392253 
 754 1.11267 13.4435 0.280898 
 755 1.09703 13.4766 0.604369 
 756 1.07168 13.493 0.920785 
 757 1.04109 13.5097 1.22472 
 758 1.00507 13.5164 1.54479 
 759 0.968745 13.5116 1.86841 
 760 0.925875 13.4854 2.18489 
 761 0.854351 13.5069 2.49275 
 762 0.639744 13.5796 2.79416 
 763 0.331354 13.6194 3.04325 
 764 0.0215365 13.615 -3.12243 
 765 -0.287509 13.6209 3.108 
 766 -0.596769 13.6368 3.0839 
 767 -0.90573 13.6569 3.07234 
 768 -1.21181 13.6841 3.03786 
 769 -1.51326 13.7566 2.89673 
 770 -1.80647 13.789 3.09503 
 771 -2.10526 13.7562 -3.02887 
 772 -2.41324 13.7206 -3.03264 
 773 -2.72646 13.6984 -3.07512 
 774 -3.03531 13.6831 -3.09169 
 775 -3.33945 13.6702 -3.09628 
 776 -3.64853 13.6465 -3.05095 
 777 -3.94401 13.5617 -2.86037 
 778 -4.20052 13.4092 -2.55176 
 779 -4.41265 13.1859 -2.3091 
 780 -4.56967 12.9186 -2.09225 
 781 -4.59797 12.9392 -2.40673 
 782 -4.62712 12.9683 -2.71052 
 783 -4.63672 13.0018 -3.00444 
 784 -4.63571 13.0394 2.95738 
 785 -4.63334 13.0739 2.63735 
 786 -4.61076 13.1027 2.31742 
 787 -4.59025 13.133 1.994 
 788 -4.54486 13.1425 1.67745 
 789 -4.51005 13.1509 1.36981 
 790 -4.47577 13.138 1.04979 
 791 -4.44739 13.115 0.73439 
 792 -4.40267 13.0979 0.413699 
 793 -4.30884 13.0831 0.0878993 
 794 -4.23669 13.0322 -0.227466 
 795 -4.1753 12.9708 -0.537239 
 796 -4.11409 12.8734 -0.860536 
 797 -4.08459 12.7483 -1.18409 
 798 -4.09039 12.6274 -1.49314 
 799 -4.1123 12.3194 -1.63219 
 800 -4.14283 12.0161 -1.63595 
 801 -4.13049 11.6975 -1.46947 
 802 -4.06052 11.5499 -1.16863 
 803 -3.93958 11.4486 -0.851544 
 804 -3.75311 11.3264 -0.531766 
 805 -3.45625 11.2092 -0.375206 
 806 -3.16041 11.1179 -0.288593 
 807 -2.85909 11.0479 -0.223353 
 808 -2.57069 10.9886 -0.197257 
 809 -2.24651 10.9298 -0.188314 
 810 -1.9482 10.8733 -0.191636 
 811 -1.65012 10.8158 -0.190447 
 812 -1.3463 10.7581 -0.188613 
 813 -1.15508 10.7219 -0.187735 
 814 -0.857053 10.666 -0.185046 
 815 -0.552724 10.6091 -0.19352 
 816 -0.252957 10.5355 -0.289296 
 817 0.0425728 10.4432 -0.313314 
 818 0.33626 10.3464 -0.333041 
 819 0.627745 10.2422 -0.351758 
 820 0.912676 10.1349 -0.381244 
 821 1.19397 9.99568 -0.688409 
 822 1.30038 9.87761 -1.01267 
 823 1.37191 9.7045 -1.33293 
 824 1.40485 9.39713 -1.64639 
 825 1.36692 9.21704 -1.94622 
 826 1.27003 9.08307 -2.26424 
 827 1.14551 8.97985 -2.57567 
 828 0.940917 8.90871 -2.88396 
 829 0.634672 8.85958 -3.06356 
 830 0.330522 8.84729 -3.1281 
 831 0.0268937 8.8453 -3.14078 
 832 -0.277132 8.84532 3.13625 
 833 -0.581757 8.84525 -3.14064 
 834 -0.885269 8.84629 3.13165 
 835 -1.18897 8.85023 3.12562 
 836 -1.49856 8.85332 3.13343 
 837 -1.80848 8.85385 -3.1322 
 838 -2.11779 8.85092 -3.1246 
 839 -2.42176 8.84543 -3.12383 
 840 -2.73163 8.84014 -3.12819 
 841 -3.04113 8.83739 -3.14101 
 842 -3.35193 8.8347 -3.1263 
 843 -3.66164 8.83076 -3.12768 
 844 -3.97194 8.82769 -3.13967 
 845 -4.2747 8.83439 3.09754 
 846 -4.5933 8.84656 3.11952 
 847 -4.89714 8.85309 3.11273 
 848 -5.20584 8.88438 2.91433 
 849 -5.4164 8.96502 2.60985 
 850 -5.61837 9.1294 2.30256 
 851 -5.79908 9.3796 2.1006 
 852 -5.94702 9.66 2.05249 
 853 -6.08945 9.93499 2.04798 
 854 -6.23073 10.2006 2.07086 
 855 -6.38018 10.4717 2.07898 
 856 -6.52959 10.7356 2.09234 
 857 -6.68496 11.0052 2.09997 
 858 -6.84093 11.273 2.09634 
 859 -6.99768 11.5404 2.10773 
 860 -7.15498 11.8062 2.09222 
 861 -7.2867 12.096 1.91857 
 862 -7.38371 12.3832 1.89942 
 863 -7.50409 12.6693 2.05382 
 864 -7.66557 12.9266 2.20081 
 865 -7.86706 13.1642 2.28874 
 866 -7.86558 13.1748 1.98021 
 867 -7.86598 13.1747 1.66128 
 868 -7.8652 13.1846 1.35141 
 869 -7.8652 13.1846 1.0314 
 870 -7.8652 13.1846 0.727464 
 871 -7.8552 13.1846 0.405926 
 872 -7.82337 13.1918 0.0885005 
 873 -7.78194 13.19 -0.236264 
 874 -7.69446 13.1528 -0.5588 
 875 -7.60732 13.0687 -0.87787 
 876 -7.54409 12.9687 -1.18744 
 877 -7.51867 12.8184 -1.50445 
 878 -7.53502 12.5102 -1.73341 
 879 -7.62113 12.2128 -2.02919 
 880 -7.73844 12.0311 -2.34182 
 881 -7.89828 11.9159 -2.652 
 882 -8.15569 11.8267 -2.96359 
 883 -8.4573 11.793 -3.09011 
 884 -8.76661 11.7795 -3.11285 
 885 -9.06993 11.7747 -3.13154 
 886 -9.3798 11.7729 3.13979 
 887 -9.69383 11.7728 -3.13891 
 888 -10.0036 11.7728 -3.1398 
 889 -10.3075 11.7698 -3.13018 
 890 -10.607 11.7721 3.09304 
 891 -10.9255 11.7924 3.07401 
 892 -11.2346 11.8053 3.13312 
 893 -11.5444 11.8139 3.0455 
 894 -11.7182 11.8469 2.7449 
 895 -11.8294 11.9243 2.41693 
 896 -11.9187 12.0283 2.10752 
 897 -11.9818 12.1908 1.79342 
 898 -11.9855 12.3918 1.4953 
 899 -11.9276 12.6552 1.18409 
 900 -11.7723 12.9232 0.917664 
 901 -11.5693 13.1557 0.796834 
 902 -11.3438 13.3695 0.780838 
 903 -11.1558 13.5587 1.07958 
 904 -11.1558 13.5587 1.38357 
 905 -11.1558 13.5587 1.70372 
 906 -11.1558 13.5487 2.02376 
 907 -11.1558 13.5487 2.34209 
 908 -11.1456 13.549 2.66708 
 909 -11.1456 13.549 2.98708 
 910 -11.1356 13.549 -2.97596 
 911 -11.1356 13.549 -2.65593 
 912 -11.1356 13.549 -2.33601 
 913 -11.1352 13.5489 -2.01959 
 914 -11.1352 13.5489 -1.69797 
 915 -11.1356 13.5588 -1.39034 
 916 -11.1356 13.5588 -1.06872 
 917 -11.1453 13.5591 -0.752286 
 918 -11.1452 13.5695 -0.435864 
 919 -11.1452 13.5691 -0.112356 
 920 -11.1452 13.5691 0.207786 
 921 -11.1552 13.5591 0.527796 
 922 -11.1546 13.5585 0.853297 
 923 -11.1564 13.5594 1.13651 
 924 -11.1568 13.5494 1.46183 
 925 -11.1568 13.5494 1.77585 
 926 -11.1465 13.5496 2.09261 
 927 -11.1686 13.5656 2.41254 
 928 -11.2278 13.6091 2.71647 
 929 -11.3432 13.6324 3.04319 
 930 -11.4613 13.6284 -2.92667 
 931 -11.5676 13.5851 -2.60981 
 932 -11.6787 13.4965 -2.29521 
 933 -11.8413 13.2456 -2.0283 
 934 -11.9614 12.9613 -1.92433 
 935 -12.0605 12.6679 -1.8757 
 936 -12.1429 12.3692 -1.92203 
 937 -12.2837 12.0859 -2.16784 
 938 -12.4925 11.8584 -2.4023 
 939 -12.7349 11.6665 -2.53611 
 940 -12.9942 11.4969 -2.57676 
 941 -13.2572 11.3327 -2.58857 
 942 -13.5152 11.1732 -2.58998 
 943 -13.7785 11.0113 -2.59166 
 944 -14.0417 10.8498 -2.59055 
 945 -14.3067 10.6883 -2.59668 
 946 -14.5662 10.5312 -2.60055 
 947 -14.8225 10.3745 -2.5738 
 948 -15.0856 10.2083 -2.59719 
 949 -15.3893 10.0537 -2.73555 
 950 -15.6718 9.96385 -2.8821 
 951 -15.973 9.90219 -2.9989 
 952 -16.1038 9.88437 -2.70705 
 953 -16.2234 9.86379 -3.00739 
 954 -16.5296 9.88533 2.98156 
 955 -16.8337 9.93494 2.97215 
 956 -17.0935 9.97798 -3.01041 
 957 -17.0935 9.97798 -2.69987 
 958 -17.0837 9.98826 -2.36654 
 959 -17.0934 9.98808 -2.05012 
 960 -17.0834 9.98808 -1.73014 
 961 -17.093 9.98814 -1.41347 
 962 -17.0526 9.98833 -1.09693 
 963 -17.0526 9.98833 -0.777011 
 964 -17.0631 9.98724 -0.446632 
 965 -17.0631 9.98724 -0.142385 
 966 -17.0731 9.98724 0.17752 
 967 -17.0837 9.9983 0.487074 
 968 -17.0837 9.9983 0.806994 
 969 -17.0937 9.9983 1.12691 
 970 -17.0933 9.98826 1.45041 
 971 -17.1029 9.98834 1.77404 
 972 -17.1033 9.97814 2.09056 
 973 -17.103 9.97844 2.41397 
 974 -17.093 9.97844 2.73388 
 975 -17.093 9.97844 3.05391 
 976 -17.093 9.97844 -2.90914 
 977 -17.0932 9.97878 -2.57855 
 978 -17.0832 9.97878 -2.2575 
 979 -17.0832 9.98878 -1.93758 
 980 -17.0732 9.98878 -1.61752 
 981 -17.0632 9.98878 -1.31339 
 982 -17.0732 9.98878 -0.993402 
 983 -17.083 9.99909 -0.676984 
 984 -17.0731 9.98871 -0.353568 
 985 -17.0831 9.99951 -0.0404749 
 986 -17.093 9.99913 0.283134 
 987 -17.0832 9.99946 0.599623 
 988 -17.0929 9.99922 0.923018 
 989 -17.0929 9.98922 1.24295 
 990 -17.1029 9.98922 1.56305 
 991 -17.1021 9.98947 1.88853 
 992 -17.1024 9.97923 2.20821 
 993 -17.0924 9.97923 2.52811 
 994 -17.1024 9.97923 2.84806 
 995 -17.0924 9.97923 -3.11502 
 996 -17.0926 9.97961 -2.80629 
 997 -17.1514 9.96715 -3.08987 
 998 -17.1673 9.9664 2.88541 
 999 -17.1811 9.95866 2.56541 
 1000 -17.2449 10.0361 2.24603 
 1001 -17.3049 10.1372 1.9192 
 1002 -17.3164 10.2436 1.59004 
 1003 -17.304 10.3037 1.26495 
 1004 -17.314 10.3037 0.944964 
 1005 -17.3037 10.3033 0.628531 
 1006 -17.2889 10.3089 0.305255 
 1007 -17.2349 10.3169 -0.0126309 
 1008 -17.1942 10.2999 -0.320828 
 1009 -17.135 10.284 -0.656621 
 1010 -17.0911 10.2186 -0.9789 
 1011 -17.0519 10.1601 -1.28363 
 1012 -17.0155 10.0273 -1.60816 
 1013 -17.0352 10.0172 -1.93773 
 1014 -17.0452 10.0172 -2.24481 
 1015 -17.0552 10.0172 -2.55032 
 1016 -17.0552 10.0172 -2.86858 
 1017 -17.0551 10.0176 3.10826 
 1018 -17.0651 10.0176 2.778 
 1019 -17.0551 10.0176 2.45804 
 1020 -17.0651 10.0176 2.13812 
 1021 -17.0548 10.0277 1.82163 
 1022 -17.0652 10.0277 1.49798 
 1023 -17.0555 10.0279 1.17442 
 1024 -17.0458 10.0381 0.852803 
 1025 -17.0558 10.0381 0.548605 
 1026 -17.0424 10.0282 0.253778 
 1027 -16.976 10.0475 -0.0707859 
 1028 -16.9264 10.0287 -0.38859 
 1029 -16.766 9.93318 -0.0906124 
 1030 -16.766 9.93318 0.217291 
 1031 -16.7556 9.92248 0.527379 
 1032 -16.7661 9.93302 0.823356 
 1033 -16.7761 9.93302 1.12569 
 1034 -16.7658 9.92297 1.43056 
 1035 -16.7758 9.92297 1.74412 
 1036 -16.7661 9.91278 2.06236 
 1037 -16.7758 9.91307 2.37414 
 1038 -16.7658 9.91307 2.68307 
 1039 -16.7758 9.91307 2.988 
 1040 -16.7658 9.91307 -2.98374 
 1041 -16.7758 9.91307 -2.68055 
 1042 -16.7658 9.91307 -2.37756 
 1043 -16.7562 9.92326 -2.07114 
 1044 -16.7658 9.92318 -1.77148 
 1045 -16.7758 9.92318 -1.46803 
 1046 -16.7858 9.92318 -1.15604 
 1047 -16.7455 9.93344 -0.859363 
 1048 -16.7555 9.93344 -0.545092 
 1049 -16.7655 9.93344 -0.235259 
 1050 -16.7655 9.93344 0.0679589 
 1051 -16.7755 9.93344 0.373617 
 1052 -16.7652 9.92313 0.680925 
 1053 -16.7756 9.93335 0.980364 
 1054 -16.7756 9.92335 1.28595 
 1055 -16.7652 9.92336 1.596 
 1056 -16.7752 9.92336 1.90219 
 1057 -16.7655 9.91312 2.21052 
 1058 -16.7753 9.91345 2.52669 
 1059 -16.7653 9.91345 2.83962 
 1060 -16.7553 9.91345 -3.13937 
 1061 -16.7553 9.91345 -2.8352 
 1062 -16.7653 9.91345 -2.52421 
 1063 -16.7556 9.92369 -2.21779 
 1064 -16.7652 9.92356 -1.91748 
 1065 -16.7752 9.92356 -1.60615 
 1066 -16.7848 9.92366 -1.30623 
 1067 -16.7545 9.93388 -0.988443 
 1068 -16.7547 9.93357 -0.675957 
 1069 -16.7547 9.93357 -0.368015 
 1070 -16.7647 9.93437 -0.0738248 
 1071 -16.7747 9.93437 0.231159 
 1072 -16.7643 9.92368 0.541254 
 1073 -16.7646 9.92395 0.840717 
 1074 -16.7746 9.92395 1.15183 
 1075 -16.7746 9.92395 1.45804 
 1076 -16.7746 9.92395 1.77349 
 1077 -16.7749 9.91375 2.08305 
 1078 -16.7646 9.91404 2.38733 
 1079 -16.7646 9.91404 2.69612 
 1080 -16.7746 9.91404 3.00026 
 1081 -16.7646 9.91404 -2.97148 
 1082 -16.7546 9.91404 -2.66832 
 1083 -16.7646 9.91404 -2.36534 
 1084 -16.755 9.92423 -2.05891 
 1085 -16.7646 9.92416 -1.74809 
 1086 -16.7542 9.92421 -1.44493 
 1087 -16.7442 9.92421 -1.13519 
 1088 -16.7539 9.93448 -0.833256 
 1089 -16.7541 9.93414 -0.521201 
 1090 -16.7641 9.93414 -0.207674 
 1091 -16.7541 9.93414 0.0949011 
 1092 -16.7639 9.92377 0.402028 
 1093 -16.7742 9.93407 0.709525 
 1094 -16.7639 9.92386 1.01594 
 1095 -16.7742 9.92396 1.31828 
 1096 -16.7738 9.92398 1.6362 
 1097 -16.7642 9.91383 1.95174 
 1098 -16.7739 9.91409 2.25642 
 1099 -16.778 9.91688 2.5611 
 1100 -16.768 9.91688 2.87215 
 1101 -16.768 9.91688 -3.10762 
 1102 -16.758 9.91688 -2.80429 
 1103 -16.7483 9.92719 -2.48978 
 1104 -16.7583 9.92719 -2.18685 
 1105 -16.7683 9.92719 -1.88383 
 1106 -16.7779 9.92719 -1.58394 
 1107 -16.7875 9.9373 -1.28404 
 1108 -16.7675 9.9373 -0.963025 
 1109 -16.7562 9.93575 -0.658835 
 1110 -16.7556 9.93832 -0.355093 
 1111 -16.7273 9.92649 -0.0207813 
 1112 -16.7272 9.9161 0.302818 
 1113 -16.7272 9.9161 0.622791 
 1114 -16.7375 9.91634 0.939205 
 1115 -16.7275 9.91634 1.25914 
 1116 -16.7375 9.90634 1.57924 
 1117 -16.7271 9.90647 1.90283 
 1118 -16.7271 9.90647 2.22279 
 1119 -16.7171 9.90647 2.54269 
 1120 -16.7272 9.89608 2.85915 
 1121 -16.7173 9.90648 -3.10043 
 1122 -16.7271 9.89611 -2.78384 
 1123 -16.7174 9.90642 -2.46039 
 1124 -16.7074 9.90642 -2.15329 
 1125 -16.6974 9.91642 -1.83334 
 1126 -16.707 9.90644 -1.5167 
 1127 -16.717 9.91644 -1.19662 
 1128 -16.6967 9.9267 -0.880157 
 1129 -16.7269 9.91636 -0.556765 
 1130 -16.7169 9.92636 -0.239619 
 1131 -16.7269 9.91636 0.0861366 
 1132 -16.7269 9.91636 0.399243 
 1133 -16.7369 9.91636 0.713329 
 1134 -16.7272 9.91657 1.02492 
 1135 -16.7368 9.90648 1.35829 
 1136 -16.7272 9.9166 1.67043 
 1137 -16.7392 9.94779 1.97802 
 1138 -16.8034 10.0358 2.29328 
 1139 -16.8803 10.1108 2.59961 
 1140 -17.0067 10.1639 2.91206 
 1141 -17.2223 10.1685 -3.06484 
 1142 -17.5371 10.1241 -2.92274 
 1143 -17.8029 10.0245 -2.67837 
 1144 -17.8883 9.97167 -2.99021 
 1145 -17.8884 9.9701 2.97523 
 1146 -17.8884 9.9701 2.66805 
 1147 -17.8987 9.96981 2.36349 
 1148 -17.8984 9.98 2.06295 
 1149 -17.9084 9.98 1.75517 
 1150 -17.9184 9.98 1.44321 
 1151 -17.9084 9.99 1.11777 
 1152 -17.9181 9.97972 0.801316 
 1153 -17.9083 9.99007 0.497807 
 1154 -17.9083 9.99047 0.181067 
 1155 -17.8984 9.99007 -0.117216 
 1156 -17.9084 9.99007 -0.434578 
 1157 -17.8984 9.99007 -0.738528 
 1158 -17.898 9.99026 -1.06194 
 1159 -17.9059 9.97051 -1.37873 
 1160 -17.875 9.94552 -1.70217 
 1161 -17.8838 9.92089 -2.01379 
 1162 -17.9061 9.88699 -2.33499 
 1163 -17.9308 9.86338 -2.6351 
 1164 -17.9308 9.86338 -2.9391 
 1165 -18.0024 9.85856 -2.64938 
 1166 -18.0024 9.86856 -2.33844 
 1167 -18.0124 9.86856 -2.0355 
 1168 -18.0028 9.87863 -1.72883 
 1169 -17.9924 9.86868 -1.42886 
 1170 -18.0124 9.87868 -1.1257 
 1171 -18.0224 9.87868 -0.822853 
 1172 -18.0322 9.88903 -0.521293 
 1173 -18.0423 9.87864 -0.213979 
 1174 -18.0323 9.87904 0.0934274 
 1175 -18.0421 9.87867 0.403369 
 1176 -18.0422 9.87865 0.713394 
 1177 -18.0322 9.86865 1.01632 
 1178 -18.0474 9.84266 1.32526 
 1179 -18.0474 9.84266 1.6287 
 1180 -18.0374 9.84266 1.93279 
 1181 -18.0374 9.84266 2.23589 
 1182 -18.0376 9.83233 2.53537 
 1183 -18.0528 9.839 2.8379 
 1184 -18.3303 9.88108 3.01061 
 1185 -18.6343 9.93699 2.85778 
 1186 -18.846 10.0257 2.54584 
 1187 -18.9699 10.1376 2.24167 
 1188 -19.0689 10.3222 1.92852 
 1189 -19.1357 10.6245 1.68561 
 1190 -19.1652 10.9333 1.64753 
 1191 -19.1885 11.2414 1.64875 
 1192 -19.2159 11.5498 1.67339 
 1193 -19.2508 11.8659 1.69473 
 1194 -19.2921 12.1623 1.71203 
 1195 -19.3363 12.4787 1.71504 
 1196 -19.3808 12.7847 1.71552 
 1197 -19.4248 13.0904 1.71148 
 1198 -19.466 13.3918 1.70137 
 1199 -19.5069 13.6973 1.72352 
 1200 -19.59 13.9831 2.0325 
 1201 -19.7424 14.2166 1.72885 
 1202 -19.742 14.2066 1.41338 
 1203 -19.7427 14.2169 1.08668 
 1204 -19.7427 14.2269 0.766743 
 1205 -19.7255 14.2354 0.44596 
 1206 -19.6682 14.25 0.119828 
 1207 -19.6203 14.2494 -0.185824 
 1208 -19.5694 14.2318 -0.507513 
 1209 -19.4809 14.1644 -0.830489 
 1210 -19.4145 14.067 -1.15139 
 1211 -19.382 13.9431 -1.45082 
 1212 -19.396 13.6943 -1.76492 
 1213 -19.4682 13.3924 -1.84339 
 1214 -19.5463 13.0937 -1.78676 
 1215 -19.5943 12.7877 -1.67315 
 1216 -19.6215 12.4788 -1.66497 
 1217 -19.6529 12.2024 -1.97344 
 1218 -19.7328 12.1025 -2.29802 
 1219 -19.8337 12.0254 -2.59454 
 1220 -19.9854 11.9611 -2.90635 
 1221 -20.2912 11.9329 -3.08832 
 1222 -20.5861 11.9521 2.89267 
 1223 -20.7392 12.0099 2.58792 
 1224 -20.8387 12.1115 2.28079 
 1225 -20.9979 12.3757 2.01372 
 1226 -21.1123 12.5528 2.31851 
 1227 -21.3138 12.6987 2.63435 
 1228 -21.6007 12.816 2.88816 
 1229 -21.9062 12.8656 3.06811 
 1230 -22.2125 12.8683 -3.04175 
 1231 -22.4809 12.7924 -2.74088 
 1232 -22.5604 12.7641 -3.04193 
 1233 -22.5603 12.7645 2.94171 
 1234 -22.5705 12.7641 2.6182 
 1235 -22.5702 12.7644 2.30016 
 1236 -22.5706 12.7743 1.97673 
 1237 -22.5702 12.7743 1.66017 
 1238 -22.5702 12.7843 1.34001 
 1239 -22.5614 12.7914 1.01958 
 1240 -22.4908 12.8764 0.693038 
 1241 -22.38 12.9383 0.377955 
 1242 -22.2474 12.97 0.0586377 
 1243 -21.9396 12.9304 -0.200624 
 1244 -21.6351 12.8724 -0.186984 
 1245 -21.3255 12.8003 -0.413927 
 1246 -21.2258 12.7282 -0.732108 
 1247 -21.1505 12.6382 -1.05193 
 1248 -21.088 12.4554 -1.37665 
 1249 -21.081 12.2069 -1.68909 
 1250 -21.1236 12.0461 -2.01044 
 1251 -21.2033 11.9145 -2.31792 
 1252 -21.3282 11.8132 -2.63388 
 1253 -21.5223 11.7405 -2.93799 
 1254 -21.8242 11.6992 -3.06145 
 1255 -22.1435 11.6824 -3.10533 
 1256 -22.4534 11.676 -3.12931 
 1257 -22.7678 11.6738 -3.13188 
 1258 -23.0884 11.6711 3.12987 
 1259 -23.3787 11.6786 3.11204 
 1260 -23.6704 11.6908 3.09171 
 1261 -23.97 11.7058 3.11084 
 1262 -24.2805 11.6991 -3.05669 
 1263 -24.5937 11.6565 -2.96511 
 1264 -24.8993 11.6033 -2.96179 
 1265 -25.1944 11.5513 -2.98963 
 1266 -25.4835 11.4934 -2.89649 
 1267 -25.7718 11.4158 -2.94988 
 1268 -26.0738 11.3861 -3.08715 
 1269 -26.3824 11.3884 3.06962 
 1270 -26.6963 11.4114 3.06238 
 1271 -27.0102 11.4365 3.05494 
 1272 -27.3201 11.4633 3.05141 
 1273 -27.6231 11.4679 -3.08281 
 1274 -27.9313 11.4306 -2.94904 
 1275 -28.2164 11.3592 -2.87568 
 1276 -28.5165 11.2773 -2.88429 
 1277 -28.8172 11.2 -2.88336 
 1278 -29.1164 11.113 -2.8246 
 1279 -29.4084 11.0037 -2.70198 
 1280 -29.6721 10.844 -2.55592 
 1281 -29.9123 10.6794 -2.25496 
 1282 -30.0248 10.4844 -1.94271 
 1283 -30.1131 10.1872 -1.79934 
 1284 -30.1789 9.88526 -1.78187 
 1285 -30.2412 9.5891 -1.77241 
 1286 -30.2956 9.2844 -1.69717 
 1287 -30.3234 8.97546 -1.63252 
 1288 -30.3473 8.66562 -1.68094 
 1289 -30.3955 8.36558 -1.78551 
 1290 -30.4818 8.0684 -1.94435 
 1291 -30.6375 7.79698 -2.19071 
 1292 -30.8517 7.56599 -2.40027 
 1293 -31.0921 7.37175 -2.51755 
 1294 -31.323 7.1904 -2.56784 
 1295 -31.4597 7.12948 -2.26449 
 1296 -31.5368 7.02658 -2.55253 
 1297 -31.6389 6.96284 -2.87257 
 1298 -31.8184 6.9406 3.08994 
 1299 -32.135 6.99061 2.9759 
 1300 -32.4145 7.04059 2.97111 
 1301 -32.7101 7.08439 3.03206 
 1302 -33.0288 7.1073 3.09631 
 1303 -33.3383 7.11484 3.13158 
 1304 -33.6415 7.11474 -3.13756 
 1305 -33.9455 7.11278 -3.13582 
 1306 -34.2377 7.11063 -3.1361 
 1307 -34.5476 7.10054 -3.0777 
 1308 -34.8434 7.07089 -3.06042 
 1309 -35.1461 7.05891 -3.11776 
 1310 -35.455 7.06209 3.10817 
 1311 -35.7579 7.0749 3.09307 
 1312 -36.0773 7.09104 3.08552 
 1313 -36.3774 7.11769 2.96403 
 1314 -36.6812 7.20542 2.82513 
 1315 -36.9591 7.26877 2.97621 
 1316 -37.2688 7.31981 2.97135 
 1317 -37.5739 7.37042 2.97867 
 1318 -37.8737 7.43406 2.9312 
 1319 -38.1723 7.51571 2.77518 
 1320 -38.3803 7.63102 2.46553 
 1321 -38.5098 7.77949 2.16346 
 1322 -38.6069 7.98308 1.85978 
 1323 -38.6626 8.2818 1.6692 
 1324 -38.6834 8.60067 1.61268 
 1325 -38.6921 8.89375 1.58545 
 1326 -38.6827 9.21346 1.4862 
 1327 -38.6578 9.52345 1.52469 
 1328 -38.6548 9.83418 1.54685 
 1329 -38.6482 10.1379 1.5335 
 1330 -38.614 10.4448 1.32741 
 1331 -38.545 10.6518 1.02491 
 1332 -38.4219 10.7895 0.713249 
 1333 -38.1908 10.9216 0.404644 
 1334 -37.8958 11.0121 0.204142 
 1335 -37.6108 11.0652 0.101565 
 1336 -37.3049 11.0841 0.0619214 
 1337 -37.0182 11.114 0.143568 
 1338 -36.718 11.1592 0.148132 
 1339 -36.3998 11.1997 0.108443 
 1340 -36.0822 11.229 0.0619104 
 1341 -35.793 11.2427 0.0362318 
 1342 -35.4838 11.2509 0.0218388 
 1343 -35.1837 11.255 -0.00450513 
 1344 -34.8697 11.2525 -0.0130431 
 1345 -34.5709 11.2463 -0.0250386 
 1346 -34.2678 11.2387 -0.0313522 
 1347 -33.9547 11.2318 -0.00621732 
 1348 -33.6648 11.2402 0.0833124 
 1349 -33.4019 11.2845 0.387565 
 1350 -33.4117 11.2842 0.69509 
