 0 0 0 0.0030718 
 1 0.0413005 0.0453163 0.315697 
 2 0.0423795 0.0784626 0.61362 
 3 0.00728185 0.104299 0.931628 
 4 -0.0234696 0.120593 1.23544 
 5 -0.0578548 0.116946 1.53722 
 6 -0.0929844 0.112676 1.84968 
 7 -0.125672 0.0974241 2.16477 
 8 -0.162068 0.0727178 2.48067 
 9 -0.169411 0.0412006 2.79496 
 10 -0.176142 -0.00392334 3.10384 
 11 -0.161849 -0.0394797 -2.867 
 12 -0.126635 -0.0623097 -2.54776 
 13 -0.109615 -0.0866592 -2.23623 
 14 -0.107635 -0.153318 -1.93091 
 15 -0.0977182 -0.271564 -1.61922 
 16 -0.0523083 -0.384763 -1.31043 
 17 0.0245893 -0.479864 -1.00874 
 18 0.126257 -0.545199 -0.688159 
 19 0.297728 -0.604209 -0.378839 
 20 0.597474 -0.681832 -0.266223 
 21 0.894445 -0.795872 -0.407755 
 22 1.15639 -0.958942 -0.579049 
 23 1.4024 -1.14577 -0.65543 
 24 1.64841 -1.33637 -0.657337 
 25 1.89115 -1.53049 -0.6789 
 26 2.09734 -1.76086 -0.881367 
 27 2.20945 -2.02017 -1.18359 
 28 2.27225 -2.324 -1.38061 
 29 2.3206 -2.63694 -1.41131 
 30 2.38641 -2.87168 -1.10034 
 31 2.4147 -2.84138 -0.803383 
 32 2.43572 -2.81386 -0.504622 
 33 2.44794 -2.78017 -0.198708 
 34 2.43943 -2.73411 0.123374 
 35 2.42939 -2.70935 0.439096 
 36 2.44339 -2.64554 0.746571 
 37 2.49067 -2.54401 1.04986 
 38 2.50258 -2.42218 1.35515 
 39 2.47574 -2.27586 1.67151 
 40 2.36706 -1.98948 1.9794 
 41 2.18596 -1.74973 2.25056 
 42 2.01222 -1.63589 2.56626 
 43 1.78127 -1.57085 2.87654 
 44 1.56462 -1.57585 -3.10527 
 45 1.38435 -1.63418 -2.79843 
 46 1.25454 -1.75304 -2.48213 
 47 1.16471 -1.8962 -2.17771 
 48 1.09871 -2.10427 -1.86343 
 49 1.07767 -2.41391 -1.6163 
 50 1.08917 -2.72393 -1.53012 
 51 1.10371 -3.03373 -1.52604 
 52 1.11528 -3.34283 -1.53365 
 53 1.12142 -3.65263 -1.55391 
 54 1.14147 -3.96186 -1.48421 
 55 1.21968 -4.26182 -1.27393 
 56 1.3731 -4.52993 -1.01559 
 57 1.57473 -4.76741 -0.846493 
 58 1.79024 -4.98339 -0.779627 
 59 1.9808 -5.19468 -1.08205 
 60 1.94785 -5.2162 -1.38322 
 61 1.98128 -5.19428 -1.08029 
 62 2.00045 -5.17209 -0.753311 
 63 2.02071 -5.14221 -0.438003 
 64 2.04069 -5.11761 -0.12702 
 65 2.03959 -5.08156 0.188024 
 66 2.01751 -5.04787 0.497085 
 67 1.99592 -5.01962 0.811126 
 68 1.97498 -5.00015 1.11756 
 69 1.97516 -4.89266 1.42742 
 70 1.94051 -4.77722 1.74101 
 71 1.87206 -4.67535 2.03846 
 72 1.76704 -4.60123 2.36097 
 73 1.61843 -4.5414 2.67691 
 74 1.31028 -4.45638 2.84735 
 75 1.03579 -4.30952 2.63733 
 76 0.795236 -4.11641 2.44851 
 77 0.575409 -3.89815 2.35147 
 78 0.363936 -3.67235 2.3229 
 79 0.154106 -3.44521 2.31556 
 80 -0.0555114 -3.20776 2.31562 
 81 -0.267799 -2.98307 2.33162 
 82 -0.480808 -2.7595 2.33203 
 83 -0.693338 -2.53435 2.32858 
 84 -0.904241 -2.30765 2.31983 
 85 -1.11477 -2.08177 2.32015 
 86 -1.31892 -1.86055 2.31587 
 87 -1.52698 -1.63373 2.31348 
 88 -1.7354 -1.40671 2.31513 
 89 -1.90467 -1.17883 2.31365 
 90 -2.07919 -0.957207 2.34602 
 91 -2.29378 -0.742906 2.38224 
 92 -2.48731 -0.529287 2.37573 
 93 -2.69952 -0.314852 2.37344 
 94 -2.92764 -0.0958868 2.34764 
 95 -3.12765 0.131244 2.31288 
 96 -3.32485 0.360741 2.30371 
 97 -3.5233 0.589909 2.30925 
 98 -3.73173 0.817543 2.31179 
 99 -3.94021 1.04588 2.31053 
 100 -4.13574 1.28114 2.30832 
 101 -4.33399 1.4685 2.61738 
 102 -4.32694 1.43477 2.93291 
 103 -4.35018 1.40082 -3.05045 
 104 -4.36981 1.3558 -2.71632 
 105 -4.3964 1.29747 -2.41466 
 106 -4.40512 1.20617 -2.11006 
 107 -4.40276 1.05275 -1.79995 
 108 -4.38575 0.741411 -1.51291 
 109 -4.36145 0.431567 -1.49505 
 110 -4.34328 0.121798 -1.5127 
 111 -4.31911 -0.187582 -1.53509 
 112 -4.32805 -0.496642 -1.5989 
 113 -4.346 -0.806168 -1.63256 
 114 -4.36568 -1.11434 -1.63574 
 115 -4.3871 -1.4228 -1.64016 
 116 -4.40987 -1.7316 -1.64374 
 117 -4.43379 -2.04028 -1.64949 
 118 -4.45801 -2.35853 -1.64966 
 119 -4.48315 -2.66672 -1.65247 
 120 -4.50969 -2.97519 -1.65592 
 121 -4.53739 -3.28398 -1.66067 
 122 -4.56515 -3.59195 -1.66272 
 123 -4.59466 -3.90016 -1.66776 
 124 -4.6234 -4.19907 -1.66651 
 125 -4.64872 -4.50413 -1.64523 
 126 -4.65961 -4.81398 -1.60284 
 127 -4.65942 -5.13915 -1.56325 
 128 -4.61127 -5.25811 -1.25056 
 129 -4.58318 -5.2445 -0.940271 
 130 -4.48198 -5.29633 -0.619463 
 131 -4.35166 -5.32066 -0.315363 
 132 -4.19594 -5.31061 -0.0107638 
 133 -3.88268 -5.24564 0.210039 
 134 -3.58752 -5.19501 0.13763 
 135 -3.27943 -5.16906 0.0799281 
 136 -2.96896 -5.15434 0.0509556 
 137 -2.65978 -5.153 -0.00643556 
 138 -2.35017 -5.15691 -0.013948 
 139 -2.04131 -5.16327 -0.0215813 
 140 -1.73125 -5.17234 -0.0292433 
 141 -1.42451 -5.18305 -0.0344183 
 142 -1.12145 -5.19384 -0.0354501 
 143 -0.812693 -5.20618 -0.0400566 
 144 -0.493989 -5.22065 -0.0472373 
 145 -0.185008 -5.23797 -0.0552933 
 146 0.12347 -5.25562 -0.0555585 
 147 0.430022 -5.27452 -0.0607417 
 148 0.739652 -5.29555 -0.0681885 
 149 1.04682 -5.33307 -0.125464 
 150 1.37353 -5.36549 -0.0869526 
 151 1.682 -5.38277 -0.0538117 
 152 1.99142 -5.39309 -0.0272863 
 153 2.2992 -5.41641 -0.0953013 
 154 2.58272 -5.51435 -0.408591 
 155 2.70377 -5.63222 -0.715424 
 156 2.77666 -5.77067 -1.02535 
 157 2.82772 -5.94689 -1.34184 
 158 2.85148 -6.26298 -1.56236 
 159 2.77119 -6.56269 -1.86381 
 160 2.62784 -6.84453 -2.04679 
 161 2.58385 -7.03479 -1.72529 
 162 2.59944 -7.0148 -1.42105 
 163 2.65439 -7.01356 -1.09728 
 164 2.68323 -6.98254 -0.781947 
 165 2.69364 -6.95463 -0.476476 
 166 2.69485 -6.92103 -0.170484 
 167 2.68545 -6.8859 0.143389 
 168 2.68538 -6.86271 0.445948 
 169 2.6657 -6.83385 0.750783 
 170 2.62743 -6.82178 1.06417 
 171 2.59377 -6.80948 1.36998 
 172 2.55926 -6.80777 1.67768 
 173 2.52526 -6.8169 1.98267 
 174 2.49517 -6.83604 2.28779 
 175 2.48151 -6.86438 2.60638 
 176 2.43232 -6.87981 2.93402 
 177 2.32997 -6.91858 -3.04068 
 178 2.25174 -6.96249 -2.73916 
 179 2.20031 -7.03256 -2.42819 
 180 2.28816 -6.9975 -2.1174 
 181 2.14205 -7.2365 -2.33565 
 182 2.00821 -7.28858 -2.64343 
 183 1.79302 -7.32442 -2.95293 
 184 1.47024 -7.32842 3.13681 
 185 1.16975 -7.31456 3.10097 
 186 0.839349 -7.30251 3.10969 
 187 0.549278 -7.2953 3.11532 
 188 0.234037 -7.28909 3.12375 
 189 -0.0840568 -7.28418 3.12294 
 190 -0.393833 -7.27819 3.12539 
 191 -0.704812 -7.28028 -3.13433 
 192 -1.01358 -7.2805 3.14149 
 193 -1.31249 -7.27833 3.13392 
 194 -1.62604 -7.27584 3.13611 
 195 -1.9356 -7.27772 -3.13759 
 196 -2.24599 -7.27713 3.13867 
 197 -2.56473 -7.27453 3.13224 
 198 -2.87335 -7.27373 -3.13835 
 199 -3.18396 -7.2744 -3.14159 
 200 -3.49579 -7.27551 -3.13744 
 201 -3.81642 -7.27704 -3.13883 
 202 -4.11923 -7.27578 3.13648 
 203 -4.44187 -7.27661 -3.13905 
 204 -4.75645 -7.27725 -3.13895 
 205 -5.06649 -7.27975 -3.13237 
 206 -5.38568 -7.28424 -3.12698 
 207 -5.68401 -7.28925 -3.12698 
 208 -5.98776 -7.29215 -3.13312 
 209 -6.29683 -7.29355 -3.13569 
 210 -6.60595 -7.29689 -3.13117 
 211 -6.91335 -7.29528 3.13683 
 212 -7.22305 -7.29257 3.13328 
 213 -7.53219 -7.29481 -3.12682 
 214 -7.84708 -7.24558 2.90741 
 215 -7.99941 -7.14607 2.58479 
 216 -8.11179 -7.00532 2.2797 
 217 -8.22298 -6.74319 1.97375 
 218 -8.3256 -6.44897 1.87682 
 219 -8.40164 -6.1478 1.81542 
 220 -8.46664 -5.99356 2.11958 
 221 -8.48338 -6.03628 2.43445 
 222 -8.50205 -6.06686 2.74726 
 223 -8.75701 -5.99664 2.74205 
 224 -9.03164 -5.83874 2.59344 
 225 -9.29648 -5.67606 2.60436 
 226 -9.57225 -5.53308 2.66902 
 227 -9.84671 -5.38936 2.64625 
 228 -10.1101 -5.22812 2.58281 
 229 -10.3666 -5.05257 2.5325 
 230 -10.6223 -4.86507 2.51495 
 231 -10.8327 -4.6821 2.40203 
 232 -11.0223 -4.43643 2.21935 
 233 -11.2018 -4.18372 2.19116 
 234 -11.382 -3.93398 2.19698 
 235 -11.5601 -3.68078 2.17803 
 236 -11.7184 -3.41397 2.0794 
 237 -11.7858 -3.14627 1.77563 
 238 -11.762 -2.97296 1.46877 
 239 -11.6647 -2.74396 1.16793 
 240 -11.5344 -2.45478 1.15712 
 241 -11.422 -2.17676 1.21054 
 242 -11.323 -1.87443 1.24764 
 243 -11.2333 -1.58897 1.28234 
 244 -11.1632 -1.28896 1.36409 
 245 -11.1289 -0.982376 1.46893 
 246 -11.1156 -0.672853 1.52711 
 247 -11.1105 -0.364223 1.56104 
 248 -11.1132 -0.0546243 1.57499 
 249 -11.1126 0.254348 1.56719 
 250 -11.098 0.557344 1.50982 
 251 -11.0272 0.869587 1.28 
 252 -10.9239 1.03867 0.976632 
 253 -10.7856 1.13638 0.657092 
 254 -10.6134 1.20776 0.3464 
 255 -10.3245 1.23143 0.0488864 
 256 -10.0215 1.21906 -0.0307315 
 257 -9.71427 1.20791 -0.0359685 
 258 -9.40685 1.1963 -0.0367432 
 259 -9.1003 1.18345 -0.0409905 
 260 -8.79121 1.16886 -0.0475829 
 261 -8.4823 1.15274 -0.0532681 
 262 -8.18958 1.13579 -0.0549244 
 263 -7.88166 1.10777 -0.104857 
 264 -7.57399 1.07305 -0.112852 
 265 -7.28677 1.03761 -0.115789 
 266 -6.95869 1.00294 -0.1123 
 267 -6.64125 0.968406 -0.111966 
 268 -6.35993 0.929171 -0.143413 
 269 -6.04544 0.870608 -0.188161 
 270 -5.7453 0.810258 -0.199862 
 271 -5.50328 0.791921 0.111804 
 272 -5.51302 0.828292 0.426732 
 273 -5.52273 0.848303 0.740076 
 274 -5.54993 0.870216 1.04498 
 275 -5.57245 0.883016 1.34984 
 276 -5.52983 0.870277 1.04046 
 277 -5.58212 0.883004 1.34038 
 278 -5.61724 0.885699 1.64779 
 279 -5.65284 0.867077 1.96805 
 280 -5.68268 0.84877 2.27361 
 281 -5.69609 0.831724 2.58576 
 282 -5.70982 0.799836 2.89104 
 283 -5.71325 0.763653 -3.07639 
 284 -5.70972 0.733932 -2.76011 
 285 -5.7413 0.675187 -2.44371 
 286 -5.79427 0.563936 -2.13942 
 287 -5.81264 0.451842 -1.83838 
 288 -5.79331 0.31166 -1.5265 
 289 -5.70896 0.00830807 -1.31168 
 290 -5.63669 -0.298414 -1.3659 
 291 -5.59368 -0.606406 -1.45542 
 292 -5.56784 -0.920144 -1.48447 
 293 -5.54949 -1.20078 -1.51531 
 294 -5.47141 -1.43637 -1.19432 
 295 -5.37784 -1.53133 -0.880182 
 296 -5.26221 -1.60419 -0.580643 
 297 -5.00786 -1.68064 -0.280763 
 298 -4.73985 -1.75247 -0.228912 
 299 -4.48098 -1.81963 -0.233154 
 300 -4.22019 -1.91703 -0.338871 
 301 -3.93903 -2.04589 -0.441776 
 302 -3.66799 -2.19283 -0.498993 
 303 -3.40015 -2.35015 -0.532312 
 304 -3.13589 -2.50921 -0.542821 
 305 -2.86933 -2.66845 -0.535765 
 306 -2.604 -2.82773 -0.540508 
 307 -2.33937 -2.98429 -0.530581 
 308 -2.0702 -3.1405 -0.525899 
 309 -1.80389 -3.29619 -0.527825 
 310 -1.5359 -3.45078 -0.521851 
 311 -1.255 -3.57968 -0.393702 
 312 -0.962465 -3.68093 -0.343305 
 313 -0.675993 -3.79934 -0.406341 
 314 -0.399783 -3.9419 -0.484546 
 315 -0.128558 -4.09119 -0.509214 
 316 0.151494 -4.24328 -0.512571 
 317 0.420963 -4.3968 -0.519918 
 318 0.687826 -4.55068 -0.522152 
 319 0.957526 -4.70128 -0.507074 
 320 1.23631 -4.84337 -0.479813 
 321 1.52736 -4.97275 -0.435283 
 322 1.79 -5.13896 -0.570858 
 323 2.04848 -5.31008 -0.590115 
 324 2.30484 -5.50827 -0.676326 
 325 2.55537 -5.70831 -0.643514 
 326 2.83176 -5.83201 -0.383736 
 327 3.12959 -5.90984 -0.237948 
 328 3.43083 -5.94709 -0.0901733 
 329 3.71222 -5.90009 0.216432 
 330 3.90953 -5.78993 0.520376 
 331 4.07388 -5.61583 0.826108 
 332 4.18396 -5.39115 1.12796 
 333 4.26675 -5.10267 1.32147 
 334 4.30162 -4.79103 1.47378 
 335 4.29646 -4.47669 1.61268 
 336 4.31733 -4.27398 1.3 
 337 4.35235 -4.29046 0.961772 
 338 4.37869 -4.30606 0.640621 
 339 4.39594 -4.33949 0.319034 
 340 4.41173 -4.37346 0.010977 
 341 4.4067 -4.40856 -0.297714 
 342 4.38988 -4.44227 -0.625996 
 343 4.36392 -4.47804 -0.945026 
 344 4.3311 -4.49446 -1.26488 
 345 4.30532 -4.5097 -1.58106 
 346 4.26916 -4.50337 -1.90174 
 347 4.22838 -4.48954 -2.22165 
 348 4.18154 -4.48433 -2.54052 
 349 4.11589 -4.48599 -2.85915 
 350 4.05377 -4.44842 3.10818 
 351 4.006 -4.41248 2.787 
 352 3.93235 -4.32 2.46924 
 353 3.87829 -4.2099 2.15004 
 354 3.8611 -4.07904 1.83818 
 355 3.87091 -3.77719 1.58891 
 356 3.86658 -3.45834 1.58303 
 357 3.91255 -3.16841 1.35599 
 358 4.04668 -2.93634 1.06244 
 359 4.25449 -2.69639 0.809762 
 360 4.49772 -2.49456 0.674435 
 361 4.61845 -2.36137 0.973945 
 362 4.58645 -2.35619 1.2837 
 363 4.61767 -2.36084 0.989096 
 364 4.64363 -2.38428 0.68375 
 365 4.67199 -2.41604 0.366312 
 366 4.67951 -2.45203 0.0453101 
 367 4.67532 -2.4884 -0.274457 
 368 4.65989 -2.52165 -0.598001 
 369 4.64525 -2.55634 -0.893819 
 370 4.65723 -2.6279 -1.21479 
 371 4.64403 -2.73832 -1.52621 
 372 4.59925 -2.83975 -1.84544 
 373 4.51701 -2.91387 -2.16662 
 374 4.43616 -2.96378 -2.47192 
 375 4.34628 -2.97479 -2.78341 
 376 4.23972 -2.95913 -3.10458 
 377 3.91864 -2.94282 -3.06895 
 378 3.85001 -2.99557 -2.74868 
 379 3.80245 -3.06572 -2.41889 
 380 3.7525 -3.18693 -2.11423 
 381 3.73317 -3.32959 -1.81419 
 382 3.75258 -3.4875 -1.49796 
 383 3.83779 -3.67797 -1.1875 
 384 4.01378 -3.94389 -0.950353 
 385 4.21237 -4.19382 -0.8768 
 386 4.43079 -4.4057 -0.707707 
 387 4.69371 -4.55412 -0.453375 
 388 4.97956 -4.621 -0.189951 
 389 5.31048 -4.63316 -0.0257875 
 390 5.64024 -4.62354 0.032844 
 391 5.97001 -4.61473 0.01773 
 392 6.27377 -4.61252 0.00709306 
 393 6.58506 -4.61394 -0.0102596 
 394 6.89346 -4.64362 -0.0962754 
 395 7.20054 -4.67385 -0.0942463 
 396 7.50973 -4.6988 -0.0795791 
 397 7.55966 -4.73617 -0.383402 
 398 7.55117 -4.76699 -0.698867 
 399 7.52454 -4.79379 -1.02879 
 400 7.51793 -4.87137 -1.33276 
 401 7.48368 -4.98923 -1.64844 
 402 7.41044 -5.08767 -1.96463 
 403 7.30821 -5.19065 -2.28641 
 404 7.18537 -5.24054 -2.60442 
 405 6.98344 -5.27982 -2.91496 
 406 6.68358 -5.326 -2.96539 
 407 6.38996 -5.42295 -2.78654 
 408 6.12398 -5.56863 -2.62101 
 409 5.86787 -5.74444 -2.5379 
 410 5.61789 -5.92653 -2.5121 
 411 5.3732 -6.10415 -2.51327 
 412 5.12051 -6.28374 -2.52384 
 413 4.86727 -6.46112 -2.533 
 414 4.61252 -6.63712 -2.53742 
 415 4.3648 -6.80643 -2.54382 
 416 4.10255 -6.98429 -2.55418 
 417 4.05674 -6.97524 -2.87126 
 418 4.04266 -6.93982 3.10351 
 419 4.04986 -6.904 2.78459 
 420 4.06815 -6.87212 2.4713 
 421 4.09529 -6.83751 2.14551 
 422 4.11897 -6.82274 1.82443 
 423 4.15545 -6.81923 1.50551 
 424 4.19955 -6.81659 1.20131 
 425 4.25266 -6.80904 0.876944 
 426 4.35386 -6.75956 0.551445 
 427 4.49597 -6.74569 0.235621 
 428 4.58733 -6.77177 -0.0906433 
 429 4.88379 -6.87638 -0.322296 
 430 5.18538 -6.95325 -0.227001 
 431 5.48379 -6.98789 -0.0963881 
 432 5.8534 -6.99601 -0.0282176 
 433 6.16467 -7.00072 -0.0121745 
 434 6.47436 -7.00351 -0.0110171 
 435 6.79554 -7.00873 -0.0183983 
 436 7.10505 -7.01626 -0.0253391 
 437 7.41569 -7.02615 -0.0330081 
 438 7.72526 -7.03836 -0.0404099 
 439 8.03364 -7.06676 -0.122601 
 440 8.33978 -7.1175 -0.159503 
 441 8.64534 -7.16794 -0.16495 
 442 8.95096 -7.21776 -0.160666 
 443 9.251 -7.26022 -0.137219 
 444 9.55693 -7.30405 -0.162672 
 445 9.86781 -7.37583 -0.24399 
 446 10.1662 -7.4586 -0.26963 
 447 10.4655 -7.53692 -0.249244 
 448 10.7635 -7.63347 -0.33543 
 449 11.0398 -7.70826 -0.266989 
 450 11.1709 -7.80407 -0.593943 
 451 11.234 -7.90997 -0.914191 
 452 11.2663 -8.03985 -1.22109 
 453 11.2931 -8.34908 -1.43812 
 454 11.3985 -8.65398 -1.2407 
 455 11.5623 -8.91947 -0.988901 
 456 11.7696 -9.14906 -0.819979 
 457 12.0003 -9.35844 -0.728225 
 458 12.241 -9.55459 -0.680948 
 459 12.4866 -9.74434 -0.655039 
 460 12.728 -9.9286 -0.65233 
 461 12.9836 -10.118 -0.60958 
 462 13.131 -10.2906 -0.919915 
 463 13.2636 -10.5816 -1.12813 
 464 13.4007 -10.8574 -1.09669 
 465 13.558 -11.1232 -1.02731 
 466 13.7264 -11.3815 -0.985704 
 467 13.902 -11.6372 -0.970181 
 468 14.0927 -11.8908 -0.920621 
 469 14.2605 -12.1196 -0.978989 
 470 14.4213 -12.3674 -0.979481 
 471 14.6065 -12.6153 -0.923902 
 472 14.7985 -12.8587 -0.901556 
 473 14.9954 -13.0984 -0.883365 
 474 15.1921 -13.3384 -0.88538 
 475 15.3886 -13.5775 -0.881656 
 476 15.592 -13.8111 -0.850038 
 477 15.8137 -14.0406 -0.790844 
 478 15.9632 -14.2405 -1.11199 
 479 15.93 -14.251 -1.41625 
 480 15.8934 -14.2608 -1.73682 
 481 15.8588 -14.2491 -2.05625 
 482 15.8066 -14.2584 -2.3771 
 483 15.7241 -14.2753 -2.69351 
 484 15.5951 -14.2748 -3.01866 
 485 15.4787 -14.2364 2.94727 
 486 15.3794 -14.1635 2.62929 
 487 15.3064 -14.0644 2.32086 
 488 15.2334 -13.8975 2.01678 
 489 15.119 -13.6144 2.02141 
 490 14.9397 -13.3788 2.22848 
 491 14.7196 -13.1625 2.37975 
 492 14.4812 -12.9632 2.45131 
 493 14.2376 -12.7683 2.47513 
 494 13.9834 -12.5919 2.53421 
 495 13.7137 -12.4367 2.63697 
 496 13.439 -12.3387 2.84825 
 497 13.2138 -12.3271 -3.1184 
 498 13.0453 -12.391 -2.81134 
 499 12.8323 -12.5456 -2.50311 
 500 12.61 -12.7616 -2.37038 
 501 12.386 -12.9753 -2.39544 
 502 12.1086 -13.1339 -2.67774 
 503 11.8617 -13.1704 -2.97873 
 504 11.5433 -13.193 -3.09848 
 505 11.2452 -13.165 3.03802 
 506 10.9383 -13.1247 3.01065 
 507 10.6377 -13.0839 3.00746 
 508 10.3304 -13.0427 3.01043 
 509 10.0252 -12.9912 2.96121 
 510 9.72059 -12.9361 2.97095 
 511 9.41959 -12.8987 3.02456 
 512 9.10825 -12.9033 -3.13525 
 513 8.79423 -12.9036 -3.13861 
 514 8.49479 -12.9393 -2.81606 
 515 8.49692 -12.9765 -2.48972 
 516 8.49339 -13.0334 -2.16401 
 517 8.51316 -13.0829 -1.86072 
 518 8.53986 -13.1399 -1.55321 
 519 8.58279 -13.1866 -1.24553 
 520 8.6385 -13.2294 -0.944132 
 521 8.74324 -13.2769 -0.639305 
 522 8.86285 -13.3038 -0.334785 
 523 9.0441 -13.3009 -0.0297273 
 524 9.34292 -13.269 0.0965258 
 525 9.65614 -13.2531 0.0468523 
 526 9.95606 -13.2459 0.0191552 
 527 10.2688 -13.2415 0.00965831 
 528 10.5689 -13.2428 -0.0103874 
 529 10.8872 -13.2561 -0.0450272 
 530 11.1959 -13.2836 -0.097721 
 531 11.4984 -13.3094 -0.0742858 
 532 11.8089 -13.2975 0.0696139 
 533 12.1025 -13.2162 0.314965 
 534 12.3694 -13.0606 0.558878 
 535 12.6016 -12.8625 0.723312 
 536 12.8153 -12.6442 0.809785 
 537 12.9849 -12.3922 1.03384 
 538 13.0763 -12.1058 1.3107 
 539 13.0813 -11.8888 1.61983 
 540 13.0105 -11.6961 1.91456 
 541 12.8594 -11.4851 2.22397 
 542 12.6491 -11.2829 2.42227 
 543 12.3879 -11.1036 2.53401 
 544 12.1542 -10.9382 2.5832 
 545 11.8974 -10.781 2.60704 
 546 11.635 -10.6294 2.62969 
 547 11.371 -10.4784 2.62619 
 548 11.11 -10.3258 2.62049 
 549 10.845 -10.1721 2.62112 
 550 10.5974 -10.0177 2.61873 
 551 10.3516 -9.86103 2.61922 
 552 10.0978 -9.70937 2.63188 
 553 9.84267 -9.55793 2.62955 
 554 9.59057 -9.40754 2.63184 
 555 9.35838 -9.25981 2.64434 
 556 9.08867 -9.1216 2.67349 
 557 8.81125 -8.98668 2.69171 
 558 8.53536 -8.86067 2.72129 
 559 8.24834 -8.74665 2.76416 
 560 7.96005 -8.63636 2.77853 
 561 7.66967 -8.53292 2.80283 
 562 7.37526 -8.43842 2.83736 
 563 7.07704 -8.36016 2.89382 
 564 6.77501 -8.29663 2.93918 
 565 6.47164 -8.24114 2.96457 
 566 6.16699 -8.19041 2.97615 
 567 5.86207 -8.14257 2.98683 
 568 5.55654 -8.09774 3.00061 
 569 5.25609 -8.05628 3.00396 
 570 4.94001 -8.01377 3.00271 
 571 4.6333 -7.96982 3.00062 
 572 4.33485 -7.91536 2.9384 
 573 4.03283 -7.846 2.93022 
 574 3.73502 -7.78456 2.92865 
 575 3.42906 -7.73487 3.00733 
 576 3.1208 -7.75714 -3.00262 
 577 2.95999 -7.84024 -2.68652 
 578 2.85316 -7.95573 -2.37361 
 579 2.78616 -8.12216 -2.07681 
 580 2.69585 -8.40843 -1.85608 
 581 2.62744 -8.71022 -1.78687 
 582 2.52958 -9.00311 -1.97075 
 583 2.37462 -9.18727 -2.28317 
 584 2.11052 -9.36452 -2.55587 
 585 1.84155 -9.5122 -2.63915 
 586 1.56872 -9.656 -2.6574 
 587 1.29941 -9.79536 -2.66496 
 588 1.02381 -9.93562 -2.67241 
 589 0.926096 -9.93901 -2.99931 
 590 0.926759 -9.9023 2.96328 
 591 0.938877 -9.86782 2.64411 
 592 0.951257 -9.83885 2.32777 
 593 0.982492 -9.81545 2.02065 
 594 0.98539 -9.7287 1.70546 
 595 1.02223 -9.6121 1.39165 
 596 1.09358 -9.50271 1.07634 
 597 1.19241 -9.42994 0.754026 
 598 1.31963 -9.39126 0.435699 
 599 1.49495 -9.37779 0.132862 
 600 1.80491 -9.38103 -0.00567706 
 601 2.11291 -9.35173 0.12553 
 602 2.40446 -9.26164 0.349147 
 603 2.57234 -9.13332 0.66614 
 604 2.65259 -9.00046 0.968708 
 605 2.74497 -8.71499 1.26923 
 606 2.81283 -8.4035 1.3635 
 607 2.81631 -8.10457 1.63504 
 608 2.73632 -7.89773 1.95352 
 609 2.61882 -7.76125 2.2588 
 610 2.46317 -7.6778 2.58056 
 611 2.27506 -7.65158 2.89693 
 612 1.95269 -7.65494 -3.11813 
 613 1.66272 -7.67936 -3.06607 
 614 1.36279 -7.70087 -3.07323 
 615 1.04956 -7.71813 -3.08252 
 616 0.749725 -7.73426 -3.09074 
 617 0.429859 -7.74717 -3.10087 
 618 0.130339 -7.76164 -3.09059 
 619 -0.182838 -7.78281 -3.07137 
 620 -0.47989 -7.82024 -3.00151 
 621 -0.793915 -7.88575 -2.92716 
 622 -1.09057 -7.94941 -2.9331 
 623 -1.40702 -8.00067 -2.98946 
 624 -1.72532 -7.98981 3.05408 
 625 -2.01467 -7.90825 2.85841 
 626 -2.31931 -7.82113 2.8675 
 627 -2.6221 -7.74619 2.904 
 628 -2.92748 -7.70167 3.03483 
 629 -3.1591 -7.74426 -2.92877 
 630 -3.27125 -7.82517 -2.6227 
 631 -3.35367 -7.93163 -2.3225 
 632 -3.41946 -8.08756 -2.01936 
 633 -3.46147 -8.35513 -1.71592 
 634 -3.46896 -8.66142 -1.57189 
 635 -3.435 -8.96819 -1.46229 
 636 -3.40329 -9.26972 -1.46791 
 637 -3.37622 -9.57775 -1.48512 
 638 -3.3508 -9.8859 -1.48667 
 639 -3.31996 -10.1936 -1.46529 
 640 -3.28224 -10.4953 -1.44281 
 641 -3.24026 -10.8018 -1.43271 
 642 -3.19687 -11.1147 -1.42458 
 643 -3.12368 -11.4156 -1.30945 
 644 -3.14588 -11.4381 -1.61612 
 645 -3.18079 -11.431 -1.92724 
 646 -3.21278 -11.4228 -2.24856 
 647 -3.24676 -11.3964 -2.55649 
 648 -3.26128 -11.3651 -2.85751 
 649 -3.26586 -11.3304 3.1196 
 650 -3.30619 -11.2842 2.80011 
 651 -3.33732 -11.2226 2.4734 
 652 -3.39905 -11.1142 2.1473 
 653 -3.41704 -10.9822 1.83672 
 654 -3.40015 -10.8372 1.53591 
 655 -3.35817 -10.5297 1.44692 
 656 -3.31472 -10.2298 1.43429 
 657 -3.296 -9.92141 1.5334 
 658 -3.31423 -9.61866 1.64445 
 659 -3.35358 -9.31149 1.70392 
 660 -3.39311 -9.01045 1.69691 
 661 -3.41445 -8.6928 1.63335 
 662 -3.42841 -8.3839 1.60687 
 663 -3.37783 -8.07758 1.35687 
 664 -3.26597 -7.87873 1.04381 
 665 -3.11057 -7.74014 0.736008 
 666 -2.9456 -7.67055 0.428331 
 667 -2.69612 -7.63748 0.130193 
 668 -2.39131 -7.63761 0.00624181 
 669 -2.0715 -7.64198 -0.0239122 
 670 -1.77776 -7.65089 -0.0270074 
 671 -1.46795 -7.65962 -0.0296512 
 672 -1.14775 -7.66798 -0.0232393 
 673 -0.844527 -7.6699 -0.00349944 
 674 -0.544181 -7.66719 0.00944653 
 675 -0.230578 -7.66647 0.00155737 
 676 0.0798678 -7.66805 -0.00577713 
 677 0.382976 -7.66922 -0.00199739 
 678 0.693199 -7.66694 0.00904236 
 679 1.01259 -7.66627 0.00144928 
 680 1.31251 -7.668 -0.00662739 
 681 1.62604 -7.66308 0.0300842 
 682 1.93601 -7.65357 0.0245209 
 683 2.2392 -7.64859 0.0154399 
 684 2.54947 -7.66285 -0.0715107 
 685 2.85503 -7.71251 -0.161122 
 686 3.1501 -7.78165 -0.239426 
 687 3.45453 -7.8668 -0.296368 
 688 3.72588 -7.99551 -0.395582 
 689 4.0182 -8.11477 -0.43777 
 690 4.29213 -8.26255 -0.502655 
 691 4.5641 -8.41398 -0.510853 
 692 4.83616 -8.56433 -0.506611 
 693 5.11135 -8.70902 -0.48108 
 694 5.36131 -8.84562 -0.452276 
 695 5.58573 -8.97094 -0.407045 
 696 5.81761 -9.07875 -0.346612 
 697 6.05476 -9.17218 -0.304531 
 698 6.35458 -9.25505 -0.267038 
 699 6.6538 -9.33445 -0.259863 
 700 6.94991 -9.42152 -0.300791 
 701 7.24112 -9.52868 -0.349608 
 702 7.52841 -9.6413 -0.383931 
 703 7.81149 -9.76582 -0.412434 
 704 8.09111 -9.88399 -0.399514 
 705 8.37549 -9.98846 -0.340315 
 706 8.6712 -10.0834 -0.309548 
 707 8.9634 -10.1838 -0.334984 
 708 9.25779 -10.2814 -0.313093 
 709 9.55338 -10.3722 -0.297255 
 710 9.84436 -10.4599 -0.290848 
 711 10.1447 -10.5362 -0.240572 
 712 10.4471 -10.6016 -0.213796 
 713 10.746 -10.6797 -0.27808 
 714 11.0389 -10.7772 -0.318693 
 715 11.3311 -10.8791 -0.3369 
 716 11.6182 -10.9779 -0.329142 
 717 11.909 -11.0835 -0.362515 
 718 12.1954 -11.2018 -0.395939 
 719 12.4656 -11.3401 -0.487904 
 720 12.7186 -11.5086 -0.601717 
 721 12.9696 -11.7055 -0.696059 
 722 13.1984 -11.9151 -0.745925 
 723 13.4241 -12.1303 -0.761233 
 724 13.6425 -12.3444 -0.773847 
 725 13.8657 -12.5621 -0.77262 
 726 14.0903 -12.776 -0.762793 
 727 14.3114 -12.9928 -0.778618 
 728 14.5225 -13.2123 -0.808206 
 729 14.7299 -13.4438 -0.845127 
 730 14.93 -13.6816 -0.874274 
 731 15.1228 -13.9241 -0.900025 
 732 15.31 -14.1645 -0.910956 
 733 15.4996 -14.4103 -0.914864 
 734 15.6847 -14.6509 -0.915377 
 735 15.8838 -14.8966 -0.914347 
 736 16.0678 -15.1381 -0.919692 
 737 16.2531 -15.3845 -0.926147 
 738 16.4404 -15.6412 -0.922937 
 739 16.6302 -15.8868 -0.912671 
 740 16.8238 -16.1307 -0.9012 
 741 17.0107 -16.3745 -0.920541 
 742 17.1807 -16.6343 -1.02207 
 743 17.2743 -16.9384 -1.31456 
 744 17.3147 -17.2453 -1.42979 
 745 17.3497 -17.5522 -1.45685 
 746 17.3813 -17.8619 -1.46297 
 747 17.4325 -18.0072 -1.15312 
 748 17.4627 -17.9876 -0.838147 
 749 17.4853 -17.9597 -0.528556 
 750 17.4983 -17.9266 -0.221894 
 751 17.4905 -17.8794 0.10407 
 752 17.4813 -17.8449 0.412017 
 753 17.4619 -17.8146 0.726053 
 754 17.435 -17.7998 1.04276 
 755 17.4214 -17.7469 1.35177 
 756 17.3788 -17.6956 1.68073 
 757 17.3324 -17.6551 1.98692 
 758 17.2639 -17.6196 2.29736 
 759 17.153 -17.5706 2.6034 
 760 17.0193 -17.5512 2.90809 
 761 16.708 -17.5603 3.13896 
 762 16.3995 -17.5574 3.13124 
 763 16.0951 -17.5521 3.12313 
 764 15.7985 -17.5109 2.80629 
 765 15.8059 -17.4787 2.486 
 766 15.8376 -17.4473 2.1684 
 767 15.8366 -17.382 1.85037 
 768 15.865 -17.3229 1.52236 
 769 15.9209 -17.2675 1.20693 
 770 15.985 -17.2217 0.896138 
 771 16.0893 -17.1694 0.591128 
 772 16.2227 -17.1447 0.284409 
 773 16.4019 -17.1561 -0.0208485 
 774 16.7016 -17.2333 -0.24896 
 775 17.0099 -17.2993 -0.22028 
 776 17.3065 -17.3648 -0.218359 
 777 17.3483 -17.3299 0.0950358 
 778 17.3838 -17.2801 0.418994 
 779 17.4323 -17.2101 0.727767 
 780 17.4814 -17.0992 1.03563 
 781 17.4993 -16.9663 1.33944 
 782 17.4781 -16.8092 1.6464 
 783 17.4063 -16.6534 1.94674 
 784 17.2699 -16.4736 2.26246 
 785 17.0347 -16.3099 2.57838 
 786 16.73 -16.2116 2.83981 
 787 16.429 -16.1508 2.91151 
 788 16.1346 -16.0885 2.98789 
 789 15.8263 -16.0663 3.08279 
 790 15.5222 -16.0649 -3.14082 
 791 15.2034 -16.0714 -3.12165 
 792 14.9108 -16.0752 -3.13006 
 793 14.5922 -16.0778 -3.13211 
 794 14.3011 -16.0818 -3.12808 
 795 13.9818 -16.0842 -3.13537 
 796 13.6802 -16.0744 3.0945 
 797 13.3716 -16.0551 3.08621 
 798 13.0532 -16.0379 3.08775 
 799 12.743 -16.0287 3.12066 
 800 12.4307 -16.0286 3.13712 
 801 12.1265 -16.0255 3.13063 
 802 11.8167 -16.0229 3.13772 
 803 11.5073 -16.0252 -3.1376 
 804 11.1985 -16.0245 3.13803 
 805 10.8803 -16.0221 3.13414 
 806 10.5726 -16.0231 -3.13568 
 807 10.2843 -16.0248 -3.13874 
 808 9.99325 -16.0237 3.13716 
 809 9.69352 -16.0217 3.13758 
 810 9.39621 -16.0236 -3.13398 
 811 9.11814 -16.0268 -3.13375 
 812 8.8209 -16.0274 -3.14054 
 813 8.50334 -16.0256 3.13446 
 814 8.20513 -16.024 3.14083 
 815 7.8966 -16.0244 3.13999 
 816 7.57776 -16.0256 -3.13047 
 817 7.26954 -16.0262 -3.13987 
 818 6.96229 -16.0188 3.11606 
 819 6.65267 -16.0126 3.12617 
 820 6.3436 -16.0122 3.13411 
 821 6.03441 -16.0072 3.12583 
 822 5.72503 -16.0048 3.14107 
 823 5.4169 -16.01 -3.12988 
 824 5.10773 -16.0117 -3.1368 
 825 4.78867 -16.0127 -3.13757 
 826 4.48015 -16.0119 3.13794 
 827 4.17056 -16.0072 3.1235 
 828 3.86143 -16 3.1176 
 829 3.55249 -15.9914 3.11485 
 830 3.23371 -15.9845 3.11845 
 831 2.93375 -15.9755 3.11181 
 832 2.61922 -15.9794 -3.11287 
 833 2.32117 -15.996 -3.09133 
 834 2.03971 -16.0089 -3.0998 
 835 1.7314 -16.016 -3.11815 
 836 1.45038 -16.021 -3.12623 
 837 1.14147 -16.0161 3.12821 
 838 0.844568 -16.0119 3.13055 
 839 0.537679 -16.0132 -3.13597 
 840 0.23952 -16.0128 3.13924 
 841 -0.0778491 -16.0106 3.13465 
 842 -0.386006 -16.0107 -3.13901 
 843 -0.684284 -16.0139 -3.13343 
 844 -0.986377 -16.0146 -3.14042 
 845 -1.30417 -16.013 3.13572 
 846 -1.60338 -16.0126 -3.14038 
 847 -1.91301 -16.0168 -3.126 
 848 -2.23172 -16.0155 3.12723 
 849 -2.55937 -16.0095 3.12578 
 850 -2.86254 -16.0112 -3.13707 
 851 -3.17096 -16.0056 3.12094 
 852 -3.47437 -15.998 3.11717 
 853 -3.78567 -15.9872 3.1007 
 854 -4.10331 -15.9494 2.98722 
 855 -4.3683 -15.8365 2.67961 
 856 -4.49393 -15.6961 2.36614 
 857 -4.56934 -15.5373 2.0509 
 858 -4.64065 -15.2375 1.80464 
 859 -4.7429 -14.9464 1.95459 
 860 -4.91263 -14.6879 2.18172 
 861 -5.12321 -14.4599 2.33098 
 862 -5.34614 -14.2515 2.39369 
 863 -5.5759 -14.0433 2.40641 
 864 -5.80439 -13.8362 2.4046 
 865 -6.012 -13.6939 2.71587 
 866 -6.02166 -13.7296 3.04263 
 867 -6.01955 -13.7656 -2.92916 
 868 -6.0065 -13.7993 -2.61405 
 869 -5.99629 -13.8324 -2.3103 
 870 -5.99367 -13.8887 -1.97926 
 871 -5.9775 -14.0116 -1.65142 
 872 -5.9354 -14.1156 -1.34309 
 873 -5.86315 -14.2216 -1.00986 
 874 -5.75344 -14.2983 -0.707012 
 875 -5.54004 -14.3825 -0.402802 
 876 -5.26377 -14.5037 -0.43874 
 877 -4.99486 -14.6674 -0.595479 
 878 -4.80385 -14.8769 -0.903995 
 879 -4.75829 -15.0268 -1.21577 
 880 -4.71592 -15.3447 -1.42948 
 881 -4.74062 -15.6405 -1.73328 
 882 -4.82209 -15.7995 -2.0346 
 883 -4.94612 -15.9138 -2.35505 
 884 -5.11503 -15.9874 -2.66776 
 885 -5.384 -16.034 -2.97216 
 886 -5.67133 -16.0468 -3.1133 
 887 -5.97448 -16.0414 3.11892 
 888 -6.3034 -16.0324 3.11174 
 889 -6.60055 -16.0228 3.10883 
 890 -6.91702 -16.0116 3.10634 
 891 -7.21897 -16.0045 3.12313 
 892 -7.51541 -16.0082 -3.12383 
 893 -7.82852 -16.0033 3.10298 
 894 -8.10148 -15.9328 2.78695 
 895 -8.23982 -15.8163 2.46903 
 896 -8.32762 -15.6506 2.16127 
 897 -8.38616 -15.442 1.85493 
 898 -8.42898 -15.1338 1.70339 
 899 -8.46345 -14.8207 1.68596 
 900 -8.49497 -14.512 1.67061 
 901 -8.52636 -14.203 1.67605 
 902 -8.56448 -13.8945 1.7003 
 903 -8.60849 -13.583 1.71959 
 904 -8.65823 -13.2876 1.73383 
 905 -8.70845 -12.9809 1.73282 
 906 -8.75673 -12.6757 1.72754 
 907 -8.80378 -12.3766 1.72623 
 908 -8.85067 -12.0602 1.72209 
 909 -8.89777 -11.7657 1.72573 
 910 -8.9441 -11.4606 1.72144 
 911 -8.98985 -11.151 1.7234 
 912 -9.03629 -10.846 1.72247 
 913 -9.09204 -10.5373 1.76007 
 914 -9.14393 -10.457 2.068 
 915 -9.17144 -10.4779 2.36936 
 916 -9.18188 -10.5066 2.68081 
 917 -9.19244 -10.5397 2.98406 
 918 -9.19254 -10.575 -2.99038 
 919 -9.18231 -10.6079 -2.6936 
 920 -9.1619 -10.6374 -2.38018 
 921 -9.12325 -10.6593 -2.06907 
 922 -9.0896 -10.6611 -1.75658 
 923 -9.05369 -10.6616 -1.44153 
 924 -9.02997 -10.6398 -1.12526 
 925 -9.00103 -10.6077 -0.811862 
 926 -8.98038 -10.5786 -0.516785 
 927 -8.90559 -10.5787 -0.198805 
 928 -8.79284 -10.5481 0.124695 
 929 -8.68864 -10.4936 0.432046 
 930 -8.60083 -10.3916 0.755934 
 931 -8.53471 -10.2482 1.06617 
 932 -8.48131 -9.99078 1.38237 
 933 -8.48943 -9.69008 1.57085 
 934 -8.48719 -9.37067 1.56264 
 935 -8.47149 -9.06715 1.50094 
 936 -8.4183 -8.76162 1.37331 
 937 -8.30441 -8.47369 1.09025 
 938 -8.15672 -8.33117 0.776441 
 939 -7.9031 -8.20216 0.467883 
 940 -7.60919 -8.10711 0.305826 
 941 -7.32126 -8.0244 0.255534 
 942 -7.01463 -7.96618 0.174286 
 943 -6.70715 -7.93124 0.115459 
 944 -6.39937 -7.90136 0.0960783 
 945 -6.09213 -7.86654 0.125952 
 946 -5.78568 -7.82732 0.118666 
 947 -5.4874 -7.79477 0.107028 
 948 -5.18211 -7.7695 0.0745344 
 949 -4.87218 -7.75649 0.0461994 
 950 -4.74075 -7.80033 -0.273965 
 951 -4.6547 -7.87792 -0.591218 
 952 -4.59318 -7.98206 -0.908926 
 953 -4.56171 -8.10709 -1.21527 
 954 -4.55134 -8.41781 -1.51356 
 955 -4.572 -8.73599 -1.68746 
 956 -4.66526 -8.9731 -1.98855 
 957 -4.80849 -9.13696 -2.28856 
 958 -5.04149 -9.27924 -2.59431 
 959 -5.33181 -9.38857 -2.7959 
 960 -5.62553 -9.48435 -2.83013 
 961 -5.92065 -9.57946 -2.82011 
 962 -6.21299 -9.6792 -2.81496 
 963 -6.50775 -9.78035 -2.7871 
 964 -6.73932 -9.91836 -2.47722 
 965 -6.71256 -9.94315 -2.15864 
 966 -6.669 -9.94837 -1.84316 
 967 -6.63443 -9.95256 -1.53572 
 968 -6.59771 -9.93514 -1.21151 
 969 -6.56516 -9.91636 -0.883249 
 970 -6.55204 -9.89071 -0.578052 
 971 -6.53756 -9.85868 -0.271153 
 972 -6.5335 -9.81345 0.0349683 
 973 -6.55034 -9.78812 0.353265 
 974 -6.28621 -9.69391 0.354874 
 975 -6.00815 -9.57144 0.417779 
 976 -5.73541 -9.44504 0.407292 
 977 -5.42859 -9.35419 0.278145 
 978 -5.13073 -9.26452 0.32639 
 979 -4.94424 -9.13003 0.641056 
 980 -4.86069 -8.99722 0.946113 
 981 -4.7647 -8.72581 1.25812 
 982 -4.71207 -8.41296 1.38338 
 983 -4.6907 -8.11399 1.63525 
 984 -4.75781 -7.92404 1.95274 
 985 -4.87677 -7.78802 2.25656 
 986 -5.0398 -7.68609 2.55694 
 987 -5.33165 -7.58194 2.81715 
 988 -5.63228 -7.50953 2.91182 
 989 -5.93152 -7.45816 2.98751 
 990 -6.24003 -7.43007 3.05778 
 991 -6.54993 -7.4254 3.12901 
 992 -6.85307 -7.42197 3.1341 
 993 -7.16312 -7.41543 3.10929 
 994 -7.47165 -7.38331 3.0221 
 995 -7.77493 -7.31613 2.89402 
 996 -8.06585 -7.18402 2.66488 
 997 -8.31505 -6.99783 2.47932 
 998 -8.5442 -6.79076 2.40322 
 999 -8.77049 -6.57769 2.3866 
 1000 -8.99139 -6.36877 2.38713 
 1001 -9.21816 -6.16045 2.40185 
 1002 -9.44899 -5.95382 2.41257 
 1003 -9.68154 -5.74714 2.41585 
 1004 -9.9148 -5.54081 2.4187 
 1005 -10.1415 -5.33951 2.41464 
 1006 -10.3734 -5.13175 2.41065 
 1007 -10.6027 -4.92491 2.40692 
 1008 -10.8316 -4.71588 2.4009 
 1009 -11.059 -4.50415 2.39019 
 1010 -11.2807 -4.29385 2.38231 
 1011 -11.5041 -4.07922 2.37497 
 1012 -11.7275 -3.86335 2.37404 
 1013 -11.9514 -3.64809 2.37765 
 1014 -12.1719 -3.43756 2.38126 
 1015 -12.3967 -3.22524 2.3874 
 1016 -12.6263 -3.01692 2.40837 
 1017 -12.8603 -2.81408 2.42933 
 1018 -13.0979 -2.61494 2.44441 
 1019 -13.3401 -2.42082 2.47385 
 1020 -13.5962 -2.24693 2.57198 
 1021 -13.8857 -2.13939 2.82663 
 1022 -14.197 -2.09999 3.03358 
 1023 -14.4972 -2.09687 3.14098 
 1024 -14.8058 -2.10993 -3.09827 
 1025 -15.1155 -2.12357 -3.09976 
 1026 -15.4346 -2.13673 -3.09271 
 1027 -15.7455 -2.12333 2.88443 
 1028 -15.741 -2.09031 2.56953 
 1029 -15.7173 -2.06375 2.25915 
 1030 -15.6845 -2.04483 1.92806 
 1031 -15.6485 -2.03764 1.6038 
 1032 -15.6123 -2.03223 1.28538 
 1033 -15.5692 -2.03806 0.964918 
 1034 -15.5428 -2.06335 0.646122 
 1035 -15.4735 -2.06692 0.335774 
 1036 -15.3621 -2.08296 0.0118249 
 1037 -15.2534 -2.13275 -0.30865 
 1038 -15.1687 -2.21406 -0.626406 
 1039 -15.1088 -2.32206 -0.937685 
 1040 -15.0813 -2.46417 -1.2681 
 1041 -15.0359 -2.77041 -1.41089 
 1042 -14.9967 -3.07738 -1.44686 
 1043 -14.9631 -3.37897 -1.46588 
 1044 -14.9357 -3.68728 -1.48141 
 1045 -14.9002 -3.73442 -1.16948 
 1046 -14.8701 -3.71573 -0.860242 
 1047 -14.8473 -3.67905 -0.557366 
 1048 -14.7764 -3.67933 -0.229001 
 1049 -14.6691 -3.65105 0.0972149 
 1050 -14.581 -3.59424 0.404438 
 1051 -14.5238 -3.51246 0.711491 
 1052 -14.4867 -3.41624 1.02421 
 1053 -14.4768 -3.30648 1.32922 
 1054 -14.4987 -3.11271 1.63316 
 1055 -14.4514 -3.33567 1.32 
 1056 -14.4393 -3.40073 1.00297 
 1057 -14.4117 -3.41544 0.682756 
 1058 -14.3876 -3.45991 0.358122 
 1059 -14.3952 -3.48704 0.0532372 
 1060 -14.3887 -3.53175 -0.247617 
 1061 -14.4031 -3.5553 -0.566675 
 1062 -14.4269 -3.59221 -0.883648 
 1063 -14.4573 -3.61016 -1.19201 
 1064 -14.493 -3.6181 -1.50781 
 1065 -14.5287 -3.62477 -1.82037 
 1066 -14.5623 -3.61017 -2.14045 
 1067 -14.5884 -3.58727 -2.44331 
 1068 -14.6529 -3.58093 -2.77725 
 1069 -14.7639 -3.57561 -3.10184 
 1070 -14.8447 -3.5211 2.8653 
 1071 -14.9017 -3.45623 2.54576 
 1072 -14.9568 -3.35584 2.22719 
 1073 -14.9822 -3.23689 1.9084 
 1074 -14.9728 -3.08101 1.59258 
 1075 -14.9007 -2.82615 1.28615 
 1076 -14.7633 -2.55854 1.06293 
 1077 -14.6157 -2.41972 0.738199 
 1078 -14.4775 -2.37124 0.420099 
 1079 -14.1597 -2.32768 0.125049 
 1080 -13.859 -2.35934 -0.190949 
 1081 -13.6033 -2.49231 -0.493524 
 1082 -13.3728 -2.68585 -0.715229 
 1083 -13.1629 -2.90177 -0.798971 
 1084 -12.9562 -3.11921 -0.808987 
 1085 -12.7469 -3.34786 -0.841757 
 1086 -12.5726 -3.60068 -1.02403 
 1087 -12.5258 -3.82184 -1.33534 
 1088 -12.5036 -4.12961 -1.55638 
 1089 -12.5746 -4.44065 -1.82362 
 1090 -12.679 -4.7327 -1.92473 
 1091 -12.7961 -5.01961 -1.96304 
 1092 -12.9169 -5.29752 -1.98394 
 1093 -13.0451 -5.57811 -1.99999 
 1094 -13.1734 -5.85315 -2.00809 
 1095 -13.1551 -5.91631 -1.69786 
 1096 -13.119 -5.91521 -1.38273 
 1097 -13.0836 -5.89218 -1.06035 
 1098 -13.0558 -5.87043 -0.748915 
 1099 -13.0409 -5.83937 -0.437763 
 1100 -12.9364 -5.83715 -0.108095 
 1101 -12.821 -5.7983 0.20177 
 1102 -12.7184 -5.72243 0.522757 
 1103 -12.6424 -5.62846 0.831753 
 1104 -12.6068 -5.50219 1.13238 
 1105 -12.5719 -5.20258 1.41973 
 1106 -12.529 -4.89635 1.43448 
 1107 -12.4797 -4.58622 1.37556 
 1108 -12.4155 -4.3086 1.0645 
 1109 -12.3158 -4.23631 0.74625 
 1110 -12.1987 -4.18856 0.430274 
 1111 -12.0555 -4.1959 0.117526 
 1112 -11.9039 -4.23655 -0.20062 
 1113 -11.7167 -4.34373 -0.508723 
 1114 -11.4826 -4.5394 -0.713117 
 1115 -11.2653 -4.7536 -0.778728 
 1116 -11.053 -4.97097 -0.799951 
 1117 -10.8391 -5.19644 -0.815424 
 1118 -10.6366 -5.42443 -0.850796 
 1119 -10.443 -5.66281 -0.900807 
 1120 -10.2669 -5.92314 -1.02846 
 1121 -10.142 -6.20499 -1.17958 
 1122 -10.0712 -6.4998 -1.35233 
 1123 -10.043 -6.81605 -1.49696 
 1124 -10.0214 -7.12506 -1.50273 
 1125 -10.0025 -7.4331 -1.51099 
 1126 -9.98644 -7.73589 -1.51874 
 1127 -9.97251 -8.04487 -1.52753 
 1128 -9.95461 -8.34794 -1.5057 
 1129 -9.94045 -8.65661 -1.53807 
 1130 -9.94288 -8.97608 -1.58759 
 1131 -9.94793 -9.28548 -1.5825 
 1132 -9.94018 -9.60839 -1.5426 
 1133 -9.94558 -9.94705 -1.60042 
 1134 -9.95789 -10.2387 -1.61439 
 1135 -9.97243 -10.5356 -1.61566 
 1136 -9.98237 -10.8533 -1.60445 
 1137 -9.98718 -11.1509 -1.57446 
 1138 -9.98961 -11.4688 -1.57768 
 1139 -9.98821 -11.7766 -1.56082 
 1140 -9.98746 -12.0859 -1.56918 
 1141 -9.98833 -12.394 -1.57328 
 1142 -9.99038 -12.7036 -1.57511 
 1143 -9.99112 -13.0128 -1.57454 
 1144 -9.9943 -13.322 -1.58192 
 1145 -10 -13.6416 -1.58954 
 1146 -10.0074 -13.9509 -1.59403 
 1147 -10.0108 -14.2606 -1.58067 
 1148 -10.0207 -14.5639 -1.62161 
 1149 -10.08 -14.8644 -1.84673 
 1150 -10.2262 -15.1133 -2.15355 
 1151 -10.4531 -15.326 -2.41904 
 1152 -10.7136 -15.5068 -2.52423 
 1153 -10.9623 -15.6803 -2.53192 
 1154 -11.2171 -15.8572 -2.53435 
 1155 -11.4705 -16.0369 -2.52565 
 1156 -11.7223 -16.217 -2.52019 
 1157 -11.9688 -16.3931 -2.52196 
 1158 -12.2204 -16.5735 -2.51979 
 1159 -12.4725 -16.7532 -2.52156 
 1160 -12.5605 -16.8566 -2.22259 
 1161 -12.5282 -16.8739 -1.90255 
 1162 -12.4921 -16.8701 -1.5864 
 1163 -12.4558 -16.8649 -1.26302 
 1164 -12.4331 -16.8483 -0.942756 
 1165 -12.4073 -16.8123 -0.623078 
 1166 -12.3909 -16.7796 -0.303386 
 1167 -12.3957 -16.7432 0.017131 
 1168 -12.4021 -16.7072 0.336144 
 1169 -12.4195 -16.6751 0.655395 
 1170 -12.4464 -16.6499 0.976437 
 1171 -12.4796 -16.6445 1.29565 
 1172 -12.5109 -16.7551 1.61558 
 1173 -12.5109 -16.7551 1.93572 
 1174 -12.5109 -16.7651 2.2555 
 1175 -12.5109 -16.7651 2.57519 
 1176 -12.5009 -16.7651 2.89409 
 1177 -12.5009 -16.7651 -3.07041 
 1178 -12.5009 -16.7651 -2.74964 
 1179 -12.4909 -16.7651 -2.43456 
 1180 -12.5012 -16.7644 -2.73497 
 1181 -12.5012 -16.7744 -3.05988 
 1182 -12.5012 -16.7644 2.90324 
 1183 -12.5112 -16.7744 2.5822 
 1184 -12.5112 -16.7644 2.26212 
 1185 -12.5132 -16.7514 1.94685 
 1186 -12.533 -16.7023 1.62358 
 1187 -12.5293 -16.6605 1.30294 
 1188 -12.5014 -16.6117 0.983719 
 1189 -12.4249 -16.5255 0.666856 
 1190 -12.3222 -16.4653 0.353605 
 1191 -12.1947 -16.4383 0.0441885 
 1192 -11.8847 -16.4789 -0.205776 
 1193 -11.5811 -16.5291 -0.170714 
 1194 -11.2904 -16.5736 -0.0537751 
 1195 -10.9704 -16.5781 0.0188334 
 1196 -10.6611 -16.5576 0.0438861 
 1197 -10.3521 -16.5453 0.035266 
 1198 -10.0426 -16.5356 0.027535 
 1199 -9.73307 -16.5281 0.0208076 
 1200 -9.42407 -16.5225 0.0173845 
 1201 -9.11517 -16.5176 0.0124187 
 1202 -8.80202 -16.5131 0.0499222 
 1203 -8.50271 -16.4799 0.14413 
 1204 -8.18604 -16.4344 0.139233 
 1205 -7.87857 -16.4022 0.0738832 
 1206 -7.57495 -16.3907 0.0285229 
 1207 -7.27644 -16.3883 -0.00305075 
 1208 -6.96242 -16.3903 -0.0106873 
 1209 -6.65424 -16.3944 -0.0162779 
 1210 -6.34534 -16.4003 -0.0215483 
 1211 -6.03541 -16.4081 -0.0258567 
 1212 -5.73209 -16.417 -0.0336421 
 1213 -5.42292 -16.4282 -0.0392355 
 1214 -5.11906 -16.4383 -0.0203958 
 1215 -4.80967 -16.4444 -0.0138381 
 1216 -4.50596 -16.4382 0.0525502 
 1217 -4.19775 -16.422 0.0507378 
 1218 -3.89479 -16.4076 0.0435466 
 1219 -3.58658 -16.3952 0.0419505 
 1220 -3.27725 -16.3709 0.11874 
 1221 -2.96932 -16.3287 0.125347 
 1222 -2.68167 -16.3032 0.0480599 
 1223 -2.39184 -16.2929 0.00678203 
 1224 -2.10864 -16.2924 -0.00194687 
 1225 -1.82029 -16.2961 -0.0188002 
 1226 -1.50631 -16.3016 -0.00930066 
 1227 -1.20713 -16.3041 -0.00078018 
 1228 -0.897195 -16.3014 0.00499532 
 1229 -0.588317 -16.3005 0.0017113 
 1230 -0.284307 -16.2979 0.0102987 
 1231 0.034801 -16.2958 0.00607057 
 1232 0.338237 -16.2923 0.0262482 
 1233 0.6475 -16.2818 0.0338916 
 1234 0.946974 -16.2771 0.00296645 
 1235 1.26666 -16.2757 0.00662098 
 1236 1.58627 -16.2748 -0.000572668 
 1237 1.89627 -16.2762 -0.0110431 
 1238 2.19893 -16.285 -0.032281 
 1239 2.50876 -16.296 -0.0415009 
 1240 2.81793 -16.3073 -0.0356681 
 1241 3.13574 -16.3325 -0.15137 
 1242 3.43567 -16.4084 -0.377788 
 1243 3.65184 -16.5244 -0.685023 
 1244 3.7875 -16.683 -0.999502 
 1245 3.91611 -16.9557 -1.17882 
 1246 4.04121 -17.1827 -0.877567 
 1247 4.17314 -17.3019 -0.573288 
 1248 4.42873 -17.4124 -0.263758 
 1249 4.72395 -17.4599 -0.0495266 
 1250 5.03282 -17.4645 0.0152282 
 1251 5.34279 -17.4587 0.0161298 
 1252 5.65205 -17.454 0.0100584 
 1253 5.76445 -17.4531 0.309288 
 1254 5.76423 -17.4528 0.606452 
 1255 5.76423 -17.4528 0.922266 
 1256 5.76499 -17.463 1.27518 
 1257 5.76499 -17.463 1.59007 
 1258 5.75862 -17.4443 1.89783 
 1259 5.73819 -17.4074 2.20581 
 1260 5.65765 -17.3245 2.52037 
 1261 5.54764 -17.2671 2.8329 
 1262 5.25263 -17.2285 3.08558 
 1263 4.94899 -17.2231 -3.08423 
 1264 4.61483 -17.2685 -2.95718 
 1265 4.30664 -17.3166 -3.00429 
 1266 4.16076 -17.3258 2.96427 
 1267 4.08996 -17.3019 2.64335 
 1268 4.00314 -17.2368 2.32648 
 1269 3.93733 -17.146 2.02171 
 1270 3.89043 -17.0333 1.72131 
 1271 3.88828 -16.9028 1.41987 
 1272 3.93378 -16.7451 1.10618 
 1273 4.03534 -16.5998 0.799513 
 1274 4.20836 -16.4566 0.480865 
 1275 4.42224 -16.3812 0.180654 
 1276 4.70969 -16.3418 0.0832167 
 1277 5.03769 -16.3206 0.0282556 
 1278 5.35687 -16.3199 -0.0159296 
 1279 5.65002 -16.3253 -0.0209247 
 1280 5.93921 -16.3272 0.0161037 
 1281 6.2387 -16.3188 0.0359198 
 1282 6.53772 -16.3084 0.0292287 
 1283 6.86164 -16.3003 0.027817 
 1284 7.14453 -16.2907 0.0305518 
 1285 7.4542 -16.2825 0.0226954 
 1286 7.77375 -16.2765 0.0155389 
 1287 8.07302 -16.2722 0.0177413 
 1288 8.38207 -16.266 0.00927957 
 1289 8.69209 -16.2643 0.00229488 
 1290 8.99538 -16.2633 0.000282744 
 1291 9.31606 -16.2722 -0.0890157 
 1292 9.62828 -16.3331 -0.338058 
 1293 9.80038 -16.4207 -0.655225 
 1294 9.91631 -16.5492 -0.952559 
 1295 10.0389 -16.7996 -1.2649 
 1296 10.0085 -16.7694 -0.957905 
 1297 10.1462 -16.9913 -1.28166 
 1298 10.1631 -17.1049 -1.59597 
 1299 10.1441 -17.2186 -1.91462 
 1300 10.0889 -17.3221 -2.2264 
 1301 9.98986 -17.4093 -2.54493 
 1302 9.80205 -17.4921 -2.8533 
 1303 9.5327 -17.5305 3.12191 
 1304 9.23036 -17.5141 3.07473 
 1305 8.92128 -17.4983 3.11782 
 1306 8.61097 -17.4927 3.12443 
 1307 8.50405 -17.4932 -2.84347 
 1308 8.51405 -17.4932 -2.43522 
 1309 8.51405 -17.4832 -2.0958 
 1310 8.51365 -17.4831 -1.77259 
 1311 8.51525 -17.4829 -1.46683 
 1312 8.51415 -17.4734 -1.13677 
 1313 8.50474 -17.4829 -0.831214 
 1314 8.50434 -17.4736 -0.520953 
 1315 8.50426 -17.474 -0.2033 
 1316 8.76128 -17.5035 -0.0891377 
 1317 9.07087 -17.5189 -0.0319086 
 1318 9.38057 -17.5288 -0.00800414 
 1319 9.68868 -17.5042 0.231129 
 1320 9.88343 -17.4299 0.531887 
 1321 10.0405 -17.3043 0.837378 
 1322 10.1626 -17.1012 1.13753 
 1323 10.2971 -16.8161 1.07774 
 1324 10.4357 -16.616 0.766917 
 1325 10.6638 -16.452 0.45633 
 1326 10.9647 -16.3478 0.251877 
 1327 11.2559 -16.2757 0.246078 
 1328 11.5371 -16.1946 0.277064 
 1329 11.8367 -16.1212 0.197887 
 1330 12.1226 -16.0789 0.0813615 
 1331 12.4322 -16.0618 0.0382907 
 1332 12.7408 -16.053 0.0189897 
 1333 13.0508 -16.048 0.0240156 
 1334 13.3603 -16.0408 0.0356334 
 1335 13.6642 -16.0299 0.0280614 
 1336 13.9733 -16.0221 0.0312973 
 1337 14.283 -16.0081 0.0538657 
 1338 14.5852 -15.9804 0.156967 
 1339 14.8882 -15.919 0.223834 
 1340 15.1874 -15.844 0.287777 
 1341 15.4836 -15.7558 0.276103 
 1342 15.7823 -15.676 0.254682 
 1343 16.0803 -15.5918 0.290327 
 1344 16.3786 -15.5087 0.230319 
 1345 16.682 -15.4477 0.166995 
 1346 16.9977 -15.4037 0.13919 
 1347 17.2899 -15.3522 0.195152 
 1348 17.5881 -15.3015 0.15554 
 1349 17.8947 -15.2596 0.0987415 
 1350 18.1789 -15.2662 -0.201577 
 1351 18.3246 -15.3164 -0.514948 
 1352 18.4362 -15.4137 -0.832393 
 1353 18.5274 -15.552 -1.13626 
 1354 18.6386 -15.8344 -1.15248 
 1355 18.7496 -16.0168 -0.837571 
 1356 18.8859 -16.1295 -0.526491 
 1357 19.1126 -16.22 -0.212851 
 1358 19.4194 -16.2546 -0.0347655 
 1359 19.7283 -16.259 0.00464024 
 1360 20.0289 -16.2361 0.216187 
 1361 20.3222 -16.1336 0.452464 
