 0 0 0 0.00295488 
 1 0.0427008 0.043897 0.306271 
 2 0.0422392 0.0781212 0.620199 
 3 0.00800583 0.103024 0.923046 
 4 -0.0227626 0.109619 1.22753 
 5 -0.0572696 0.116263 1.53375 
 6 -0.093 0.111962 1.84678 
 7 -0.124804 0.0975049 2.15046 
 8 -0.151378 0.0635696 2.46174 
 9 -0.149358 0.0328007 2.77218 
 10 -0.157196 -0.00237594 3.08636 
 11 -0.143726 -0.0376982 -2.88428 
 12 -0.150513 -0.0844758 -2.57307 
 13 -0.181743 -0.157166 -2.2692 
 14 -0.21436 -0.264113 -1.96277 
 15 -0.219568 -0.385616 -1.65064 
 16 -0.177993 -0.500541 -1.34366 
 17 -0.0987788 -0.600119 -1.04235 
 18 0.114969 -0.823931 -0.829381 
 19 0.300231 -1.06856 -0.948214 
 20 0.454079 -1.3375 -1.06077 
 21 0.61013 -1.61574 -1.06031 
 22 0.67119 -1.78903 -1.36163 
 23 0.635268 -1.80087 -1.67545 
 24 0.59979 -1.78122 -1.99266 
 25 0.55973 -1.79172 -2.31038 
 26 0.47056 -1.81337 -2.63071 
 27 0.390243 -1.83168 -2.94745 
 28 0.283305 -1.8019 3.01801 
 29 0.12955 -1.73671 2.70243 
 30 0.0320455 -1.6343 2.393 
 31 -0.138115 -1.38475 2.171 
 32 -0.335006 -1.14542 2.29153 
 33 -0.568752 -0.944325 2.45337 
 34 -0.806157 -0.773819 2.565 
 35 -1.05029 -0.611232 2.59227 
 36 -1.30652 -0.455395 2.61434 
 37 -1.55636 -0.301332 2.62091 
 38 -1.7945 -0.146019 2.61536 
 39 -2.04311 0.00661517 2.62545 
 40 -2.30415 0.157877 2.63103 
 41 -2.57234 0.310213 2.62252 
 42 -2.81903 0.467575 2.60583 
 43 -3.0649 0.62658 2.60151 
 44 -3.33002 0.783832 2.60646 
 45 -3.57796 0.939802 2.61481 
 46 -3.82633 1.09501 2.61514 
 47 -4.11384 1.24931 2.62037 
 48 -4.35859 1.40333 2.60215 
 49 -4.5932 1.59 2.51609 
 50 -4.66825 1.59942 2.83133 
 51 -4.67396 1.56467 3.13808 
 52 -4.66389 1.52753 -2.83006 
 53 -4.68298 1.4879 -2.51801 
 54 -4.72956 1.38634 -2.21305 
 55 -4.75502 1.26736 -1.90772 
 56 -4.74398 1.17493 -1.60677 
 57 -4.67954 0.989379 -1.29859 
 58 -4.57189 0.688141 -1.22668 
 59 -4.48013 0.39226 -1.29198 
 60 -4.41571 0.0888632 -1.35136 
 61 -4.23934 -0.252273 -1.35705 
 62 -4.18708 -0.569084 -1.43937 
 63 -4.15021 -0.886758 -1.46123 
 64 -4.12197 -1.19486 -1.48272 
 65 -4.09734 -1.50349 -1.49383 
 66 -4.06552 -1.82244 -1.50174 
 67 -4.04246 -2.13111 -1.49207 
 68 -4.0177 -2.43904 -1.45394 
 69 -3.96996 -2.74474 -1.40977 
 70 -3.91544 -3.04914 -1.39318 
 71 -3.86164 -3.35321 -1.39612 
 72 -3.80962 -3.65819 -1.40311 
 73 -3.75962 -3.96359 -1.40979 
 74 -3.70165 -4.2698 -1.4158 
 75 -3.66508 -4.57599 -1.42268 
 76 -3.61928 -4.88219 -1.42195 
 77 -3.56156 -5.19055 -1.40848 
 78 -3.50301 -5.49796 -1.41291 
 79 -3.48798 -5.49815 -1.11149 
 80 -3.45729 -5.47611 -0.782391 
 81 -3.43615 -5.44701 -0.469231 
 82 -3.42476 -5.42157 -0.148286 
 83 -3.43476 -5.36631 0.162741 
 84 -3.4458 -5.34216 0.476663 
 85 -3.47619 -5.31368 0.784672 
 86 -3.49847 -5.27974 1.10852 
 87 -3.51818 -5.19392 1.4429 
 88 -3.53614 -5.07793 1.75521 
 89 -3.60859 -4.97663 2.05368 
 90 -3.70783 -4.8926 2.38947 
 91 -3.88307 -4.84084 2.70802 
 92 -4.16095 -4.75705 2.86454 
 93 -4.45185 -4.65503 2.77543 
 94 -4.71251 -4.51746 2.61777 
 95 -4.97606 -4.34078 2.52154 
 96 -5.21257 -4.15521 2.49882 
 97 -5.48009 -3.91869 2.4963 
 98 -5.75343 -3.73221 2.537 
 99 -6.02918 -3.55768 2.53592 
 100 -6.30087 -3.35668 2.50848 
 101 -6.56912 -3.16299 2.50324 
 102 -6.81779 -2.97917 2.50309 
 103 -7.06844 -2.79537 2.50844 
 104 -7.31962 -2.61365 2.51716 
 105 -7.57226 -2.43398 2.52534 
 106 -7.82404 -2.25443 2.52332 
 107 -8.07536 -2.07426 2.51946 
 108 -8.32657 -1.89446 2.51957 
 109 -8.57899 -1.71635 2.52457 
 110 -8.83093 -1.53636 2.52095 
 111 -9.06453 -1.41272 2.82619 
 112 -9.07021 -1.449 -3.13973 
 113 -9.0643 -1.4852 -2.81935 
 114 -9.02727 -1.53771 -2.49519 
 115 -9.00075 -1.57311 -2.17428 
 116 -8.96769 -1.57881 -1.85446 
 117 -8.93145 -1.58333 -1.53534 
 118 -8.89543 -1.57614 -1.21425 
 119 -8.86366 -1.54809 -0.89498 
 120 -8.83903 -1.51104 -0.575565 
 121 -8.83415 -1.47744 -0.254627 
 122 -8.8106 -1.43097 0.061779 
 123 -8.81848 -1.39508 0.382665 
 124 -8.86756 -1.36368 0.707054 
 125 -8.90563 -1.34001 1.02331 
 126 -8.93947 -1.32618 1.34243 
 127 -8.97616 -1.32368 1.66346 
 128 -9.01166 -1.34284 1.98352 
 129 -9.03237 -1.3626 2.30588 
 130 -9.05447 -1.38977 2.6116 
 131 -9.06757 -1.4332 2.92167 
 132 -9.06977 -1.45982 -3.04118 
 133 -9.05153 -1.50499 -2.72356 
 134 -9.04743 -1.56827 -2.40884 
 135 -9.08406 -1.67649 -2.07406 
 136 -9.07174 -1.79493 -1.74007 
 137 -9.05109 -1.91316 -1.43272 
 138 -8.97921 -2.02713 -1.10982 
 139 -8.766 -2.25249 -0.819724 
 140 -8.56693 -2.47919 -0.895704 
 141 -8.38969 -2.75167 -1.01631 
 142 -8.25234 -3.02482 -1.08126 
 143 -8.10193 -3.29342 -1.08667 
 144 -7.96953 -3.55838 -1.09432 
 145 -7.82721 -3.83384 -1.09232 
 146 -7.67391 -4.11788 -1.08579 
 147 -7.53504 -4.38035 -1.06348 
 148 -7.38216 -4.65349 -1.10395 
 149 -7.30002 -4.95753 -1.33041 
 150 -7.25497 -5.26516 -1.46554 
 151 -7.29667 -5.5002 -1.77635 
 152 -7.38633 -5.64419 -2.09263 
 153 -7.52431 -5.77069 -2.40745 
 154 -7.77207 -5.88372 -2.71032 
 155 -8.06571 -5.98045 -2.82425 
 156 -8.36321 -6.06515 -2.86777 
 157 -8.65922 -6.15135 -2.85564 
 158 -8.96812 -6.24747 -2.84489 
 159 -9.00022 -6.29437 -2.53514 
 160 -8.9743 -6.31114 -2.20962 
 161 -8.94575 -6.3318 -1.89768 
 162 -8.91055 -6.32788 -1.58572 
 163 -8.87624 -6.32317 -1.28339 
 164 -8.84467 -6.30832 -0.978855 
 165 -8.81832 -6.28382 -0.668138 
 166 -8.8007 -6.25236 -0.353295 
 167 -8.80368 -6.21697 -0.0347146 
 168 -8.80814 -6.18111 0.280837 
 169 -8.82325 -6.14882 0.591659 
 170 -8.85734 -6.12283 0.900508 
 171 -8.87447 -6.07883 1.20726 
 172 -8.88327 -5.95656 1.52043 
 173 -8.91867 -5.85359 1.82965 
 174 -8.99588 -5.75901 2.13495 
 175 -9.11066 -5.68326 2.45331 
 176 -9.27064 -5.64314 2.76357 
 177 -9.57713 -5.54923 2.83979 
 178 -9.85417 -5.41023 2.64306 
 179 -10.1003 -5.22205 2.46949 
 180 -10.3261 -5.00753 2.37513 
 181 -10.5421 -4.78449 2.3351 
 182 -10.752 -4.55813 2.31403 
 183 -10.958 -4.31687 2.29481 
 184 -11.1614 -4.08286 2.28401 
 185 -11.3567 -3.84493 2.24409 
 186 -11.5287 -3.58653 2.13775 
 187 -11.6304 -3.28518 1.8313 
 188 -11.6277 -3.0105 1.52246 
 189 -11.5315 -2.72811 1.21803 
 190 -11.4279 -2.42648 1.25138 
 191 -11.3566 -2.12545 1.34364 
 192 -11.2977 -1.82191 1.3834 
 193 -11.2448 -1.51767 1.40079 
 194 -11.1972 -1.21188 1.4199 
 195 -11.1569 -0.903136 1.44315 
 196 -11.1244 -0.59684 1.47417 
 197 -11.1115 -0.287811 1.5431 
 198 -11.116 0.0317362 1.58205 
 199 -11.1184 0.341753 1.57753 
 200 -11.1136 0.651668 1.54676 
 201 -11.0949 0.960747 1.49478 
 202 -11.0654 1.26284 1.47257 
 203 -11.0093 1.5711 1.392 
 204 -11.0334 1.64686 1.70115 
 205 -11.059 1.63619 2.02168 
 206 -11.0881 1.60603 2.33437 
 207 -11.1179 1.59337 2.6454 
 208 -11.1546 1.56318 2.94818 
 209 -11.2 1.53832 -3.01086 
 210 -11.2214 1.48095 -2.68617 
 211 -11.2644 1.41061 -2.38277 
 212 -11.3094 1.30935 -2.07886 
 213 -11.3198 1.18663 -1.77249 
 214 -11.2818 1.02028 -1.46515 
 215 -11.2235 0.725667 -1.39968 
 216 -11.1862 0.426735 -1.45338 
 217 -11.1618 0.108652 -1.49785 
 218 -11.1653 -0.195935 -1.60772 
 219 -11.181 -0.504676 -1.62139 
 220 -11.2076 -0.807151 -1.66095 
 221 -11.2361 -1.11548 -1.65987 
 222 -11.2651 -1.41815 -1.67074 
 223 -11.2969 -1.72614 -1.67261 
 224 -11.3205 -2.03448 -1.6496 
 225 -11.3625 -2.33282 -1.74194 
 226 -11.4839 -2.60217 -2.04904 
 227 -11.6089 -2.71558 -2.3758 
 228 -11.7252 -2.76554 -2.69018 
 229 -12.0076 -2.79358 -3.00033 
 230 -12.3149 -2.75853 2.9883 
 231 -12.6108 -2.66549 2.81365 
 232 -12.897 -2.5481 2.75172 
 233 -13.182 -2.42922 2.74665 
 234 -13.458 -2.31156 2.73917 
 235 -13.7537 -2.21826 2.86814 
 236 -14.06 -2.17844 3.03279 
 237 -14.3696 -2.1766 -3.13078 
 238 -14.6775 -2.18826 -3.11009 
 239 -14.9874 -2.19605 -3.11764 
 240 -15.3005 -2.20594 -3.09551 
 241 -15.5862 -2.25491 -2.78913 
 242 -15.5694 -2.28527 -2.48296 
 243 -15.5867 -2.25373 -2.79357 
 244 -15.5935 -2.21944 -3.09871 
 245 -15.5997 -2.18489 2.88429 
 246 -15.5848 -2.15128 2.56322 
 247 -15.5602 -2.12425 2.24418 
 248 -15.5383 -2.10628 1.9206 
 249 -15.5023 -2.09937 1.60039 
 250 -15.466 -2.09412 1.28756 
 251 -15.4187 -2.07215 0.965154 
 252 -15.3139 -2.01333 0.644501 
 253 -15.1826 -1.98776 0.326243 
 254 -15.0363 -1.99781 0.020938 
 255 -14.7271 -2.00428 -0.0168228 
 256 -14.4184 -2.0117 -0.0252019 
 257 -14.102 -2.02199 -0.0361423 
 258 -13.7886 -2.03372 -0.0308576 
 259 -13.7074 -1.99184 0.277813 
 260 -13.6401 -1.93327 0.58421 
 261 -13.5875 -1.83008 0.892269 
 262 -13.548 -1.68905 1.21753 
 263 -13.5483 -1.51798 1.53657 
 264 -13.6044 -1.33335 1.84696 
 265 -13.7078 -1.18706 2.15793 
 266 -13.8451 -1.08777 2.47167 
 267 -14.0911 -0.991651 2.78013 
 268 -14.3883 -0.909587 2.8584 
 269 -14.6647 -0.769847 2.6293 
 270 -14.8961 -0.572313 2.40555 
 271 -15.1137 -0.341885 2.29104 
 272 -15.311 -0.103575 2.26109 
 273 -15.5075 0.136029 2.25618 
 274 -15.7013 0.370769 2.25919 
 275 -15.8986 0.608763 2.26179 
 276 -16.0972 0.846298 2.26679 
 277 -16.2959 1.08418 2.26615 
 278 -16.4943 1.32037 2.25956 
 279 -16.6689 1.5841 2.15262 
 280 -16.7443 1.63517 2.46544 
 281 -16.7622 1.6038 2.78431 
 282 -16.7693 1.5785 3.09535 
 283 -16.7584 1.53219 -2.87531 
 284 -16.7721 1.49862 -2.57259 
 285 -16.7827 1.44142 -2.25456 
 286 -16.7796 1.3686 -1.94692 
 287 -16.7726 1.25054 -1.63879 
 288 -16.7292 1.14612 -1.33259 
 289 -16.6467 1.04225 -1.00067 
 290 -16.5349 0.967399 -0.688497 
 291 -16.2549 0.833225 -0.476194 
 292 -15.9977 0.660197 -0.621185 
 293 -15.7745 0.454714 -0.75932 
 294 -15.5631 0.227872 -0.825741 
 295 -15.3613 0.00132149 -0.844659 
 296 -15.1564 -0.23041 -0.847733 
 297 -14.9563 -0.459731 -0.860586 
 298 -14.7511 -0.702031 -0.872268 
 299 -14.5418 -0.907376 -0.742992 
 300 -14.3694 -0.992525 -0.445758 
 301 -14.0981 -1.03901 -0.134381 
 302 -13.9103 -1.00199 0.18045 
 303 -13.7522 -0.912241 0.48796 
 304 -13.6105 -0.752581 0.800844 
 305 -13.5136 -0.547989 1.1042 
 306 -13.4405 -0.26905 1.36189 
 307 -13.4303 0.0416773 1.55111 
 308 -13.4419 0.360344 1.60946 
 309 -13.4468 0.67389 1.58143 
 310 -13.4543 1.00375 1.59733 
 311 -13.4619 1.31653 1.59387 
 312 -13.4668 1.63052 1.5855 
 313 -13.4767 1.95339 1.61708 
 314 -13.5314 2.28342 1.77859 
 315 -13.5507 2.44857 1.46591 
 316 -13.5167 2.43958 1.16931 
 317 -13.4761 2.42048 0.847292 
 318 -13.4536 2.39337 0.53606 
 319 -13.4404 2.36057 0.231031 
 320 -13.4376 2.26395 -0.0895987 
 321 -13.436 2.22001 -0.395091 
 322 -13.4549 2.19936 -0.709349 
 323 -13.4823 2.16605 -1.02031 
 324 -13.5145 2.15253 -1.32813 
 325 -13.5495 2.1294 -1.63212 
 326 -13.5834 2.1467 -1.93104 
 327 -13.6147 2.15454 -2.2528 
 328 -13.6391 2.18184 -2.56537 
 329 -13.6541 2.21611 -2.89224 
 330 -13.6674 2.26176 3.07113 
 331 -13.6573 2.30044 2.75434 
 332 -13.7082 2.37083 2.43302 
 333 -13.7582 2.48278 2.11849 
 334 -13.7713 2.60494 1.79968 
 335 -13.745 2.73009 1.48165 
 336 -13.6324 3.02657 1.22098 
 337 -13.5396 3.34156 1.28121 
 338 -13.4703 3.63297 1.35212 
 339 -13.4109 3.93699 1.37946 
 340 -13.3595 4.23797 1.40896 
 341 -13.3293 4.55916 1.47973 
 342 -13.2938 4.57175 1.18404 
 343 -13.2632 4.56331 0.868722 
 344 -13.2294 4.54555 0.549051 
 345 -13.2155 4.51152 0.227928 
 346 -13.208 4.47467 -0.0927038 
 347 -13.1698 4.42098 -0.405935 
 348 -13.146 4.35887 -0.72894 
 349 -13.0984 4.25374 -1.04794 
 350 -13.0874 4.12299 -1.36543 
 351 -13.105 3.97926 -1.67992 
 352 -13.187 3.66798 -1.77389 
 353 -13.2292 3.37669 -1.73486 
 354 -13.2497 3.0607 -1.61626 
 355 -13.235 2.76692 -1.51176 
 356 -13.2011 2.44944 -1.45674 
 357 -13.1715 2.13241 -1.43864 
 358 -13.1168 1.82581 -1.43162 
 359 -13.0799 1.50824 -1.46039 
 360 -13.059 1.19973 -1.51023 
 361 -13.0345 0.888501 -1.48291 
 362 -12.9922 0.584796 -1.43058 
 363 -12.9501 0.268667 -1.4423 
 364 -12.9271 -0.0402637 -1.50494 
 365 -12.9177 -0.349294 -1.54249 
 366 -12.9107 -0.65922 -1.54945 
 367 -12.9062 -0.967964 -1.55688 
 368 -12.9047 -1.27789 -1.56683 
 369 -12.9032 -1.58138 -1.56401 
 370 -12.8815 -1.89094 -1.48418 
 371 -12.8079 -2.20146 -1.29031 
 372 -12.666 -2.46666 -1.07147 
 373 -12.4871 -2.71938 -0.937895 
 374 -12.2885 -2.95684 -0.865376 
 375 -12.0817 -3.18533 -0.831223 
 376 -11.8759 -3.40841 -0.82477 
 377 -11.6651 -3.63385 -0.81604 
 378 -11.4499 -3.85783 -0.802294 
 379 -11.2357 -4.07291 -0.785221 
 380 -11.0135 -4.28743 -0.766556 
 381 -10.7907 -4.49392 -0.745366 
 382 -10.5575 -4.69941 -0.7215 
 383 -10.3183 -4.89699 -0.686186 
 384 -10.0803 -5.07941 -0.649643 
 385 -9.83197 -5.25801 -0.605896 
 386 -9.55796 -5.40529 -0.463292 
 387 -9.27058 -5.50245 -0.309513 
 388 -8.9713 -5.57984 -0.248093 
 389 -8.67181 -5.6546 -0.245958 
 390 -8.36921 -5.72193 -0.214265 
 391 -8.07336 -5.78073 -0.19325 
 392 -7.77755 -5.83173 -0.0951256 
 393 -7.54311 -5.78666 0.212459 
 394 -7.30426 -5.6433 0.521546 
 395 -7.08243 -5.44029 0.734294 
 396 -6.86896 -5.21917 0.792279 
 397 -6.66013 -4.99515 0.801513 
 398 -6.44895 -4.77314 0.790227 
 399 -6.23209 -4.55476 0.783211 
 400 -6.06006 -4.33553 0.773587 
 401 -5.87102 -4.13243 0.714289 
 402 -5.68292 -3.93649 0.684271 
 403 -5.48625 -3.74615 0.6639 
 404 -5.27545 -3.55759 0.657034 
 405 -5.04555 -3.36645 0.668228 
 406 -4.82626 -3.17141 0.702834 
 407 -4.60699 -2.9674 0.725102 
 408 -4.4017 -2.76259 0.736487 
 409 -4.21304 -2.55728 0.730113 
 410 -3.98111 -2.36149 0.698901 
 411 -3.74568 -2.16116 0.706772 
 412 -3.52008 -1.96 0.729456 
 413 -3.29292 -1.75186 0.743469 
 414 -3.06548 -1.54103 0.747644 
 415 -2.83574 -1.31819 0.783387 
 416 -2.63404 -1.15644 0.460456 
 417 -2.6234 -1.19046 0.148696 
 418 -2.47989 -1.23169 -0.167717 
 419 -2.21596 -1.34871 -0.218259 
 420 -2.05252 -1.32737 0.0867523 
 421 -1.75919 -1.21666 0.379469 
 422 -1.47419 -1.10382 0.360401 
 423 -1.17607 -1.02691 0.230638 
 424 -0.857239 -0.992511 0.0941786 
 425 -0.54902 -0.973417 0.0642837 
 426 -0.248359 -0.962611 0.0315831 
 427 0.0576444 -0.965538 -0.00580666 
 428 0.367257 -0.968993 -0.0111762 
 429 0.676832 -0.972024 -0.00764311 
 430 0.985632 -0.971595 0.00289005 
 431 1.29391 -0.954447 0.0774589 
 432 1.60047 -0.910323 0.188082 
 433 1.89287 -0.813775 0.355056 
 434 2.13281 -0.645467 0.662601 
 435 2.32187 -0.398908 0.957142 
 436 2.46026 -0.118437 1.12313 
 437 2.52791 -0.0468917 0.805327 
 438 2.5596 -0.0755197 0.495181 
 439 2.57128 -0.108086 0.193206 
 440 2.58268 -0.143122 -0.116386 
 441 2.57256 -0.168636 -0.438893 
 442 2.56966 -0.207976 -0.753415 
 443 2.59859 -0.315645 -1.06794 
 444 2.61463 -0.434839 -1.38996 
 445 2.58307 -0.552274 -1.70754 
 446 2.51619 -0.664309 -2.02605 
 447 2.42115 -0.743342 -2.32874 
 448 2.15004 -0.891577 -2.6079 
 449 1.89753 -1.05717 -2.53772 
 450 1.6645 -1.25755 -2.42161 
 451 1.45981 -1.47571 -2.34512 
 452 1.27162 -1.72648 -2.20467 
 453 1.13818 -2.00638 -1.97007 
 454 1.07105 -2.30164 -1.72352 
 455 1.07212 -2.61096 -1.59171 
 456 1.07926 -2.92134 -1.54244 
 457 1.08909 -3.23038 -1.54105 
 458 1.09634 -3.54969 -1.55222 
 459 1.1055 -3.85899 -1.52998 
 460 1.15642 -4.16501 -1.36599 
 461 1.28528 -4.44049 -1.09635 
 462 1.47735 -4.68336 -0.873184 
 463 1.69709 -4.9 -0.769889 
 464 1.92795 -5.10076 -0.695324 
 465 2.06411 -5.24395 -1.00381 
 466 2.03205 -5.26804 -1.30957 
 467 2.04971 -5.54388 -1.29888 
 468 2.13664 -5.64916 -0.97308 
 469 2.28719 -5.74164 -0.653875 
 470 2.53327 -5.92695 -0.756261 
 471 2.59723 -6.05019 -1.07131 
 472 2.60833 -6.19453 -1.39273 
 473 2.57668 -6.33697 -1.70291 
 474 2.49881 -6.48617 -2.00702 
 475 2.31568 -6.70184 -2.31937 
 476 2.07644 -6.89775 -2.4679 
 477 1.83445 -7.12381 -2.35682 
 478 1.67026 -7.1923 -2.67375 
 479 1.4637 -7.22596 -2.97704 
 480 1.14635 -7.22106 3.11219 
 481 0.842692 -7.20586 3.09362 
 482 0.543773 -7.19283 3.10309 
 483 0.234154 -7.19258 -3.13185 
 484 -0.064933 -7.20103 -3.11495 
 485 -0.384893 -7.20746 -3.12212 
 486 -0.693843 -7.2145 -3.11188 
 487 -1.00745 -7.22515 -3.10885 
 488 -1.30694 -7.24345 -3.07656 
 489 -1.61496 -7.27495 -3.0309 
 490 -1.92127 -7.32026 -2.99485 
 491 -2.22208 -7.36431 -2.99847 
 492 -2.5289 -7.40597 -3.00329 
 493 -2.82684 -7.46446 -2.93816 
 494 -3.13959 -7.53831 -2.89866 
 495 -3.44737 -7.59908 -2.98567 
 496 -3.75543 -7.6337 -3.04568 
 497 -4.05754 -7.66351 -3.02588 
 498 -4.36285 -7.7175 -2.95353 
 499 -4.67092 -7.80764 -2.81341 
 500 -4.82812 -7.92859 -2.51151 
 501 -4.88407 -8.03427 -2.19333 
 502 -4.89627 -8.12063 -1.88821 
 503 -4.8765 -8.20052 -1.57528 
 504 -4.8953 -8.32709 -1.88396 
 505 -4.92642 -8.32147 -2.18791 
 506 -4.95293 -8.29524 -2.5136 
 507 -4.9792 -8.26334 -2.82284 
 508 -4.98499 -8.22862 -3.13012 
 509 -4.9899 -8.19345 2.84283 
 510 -4.97357 -8.16045 2.52823 
 511 -4.94915 -8.13511 2.21402 
 512 -4.91822 -8.1186 1.9115 
 513 -4.88236 -8.10202 1.59308 
 514 -4.84781 -8.10653 1.28544 
 515 -4.81614 -8.12136 0.980232 
 516 -4.78995 -8.13559 0.665196 
 517 -4.77217 -8.16777 0.344102 
 518 -4.75554 -8.20155 0.0436355 
 519 -4.74181 -8.24028 -0.264222 
 520 -4.72972 -8.28749 -0.5661 
 521 -4.74372 -8.31461 -0.878805 
 522 -4.77644 -8.33364 -1.21643 
 523 -4.81067 -8.34064 -1.51097 
 524 -4.84719 -8.33696 -1.84198 
 525 -4.87895 -8.33266 -2.14609 
 526 -4.9157 -8.3086 -2.46021 
 527 -4.92361 -8.28772 -2.7754 
 528 -4.941 -8.25388 -3.07428 
 529 -4.94932 -8.21427 2.88623 
 530 -4.99026 -8.16155 2.57055 
 531 -4.99077 -8.09391 2.25226 
 532 -4.99081 -8.04339 1.94363 
 533 -4.96397 -7.99688 1.62207 
 534 -4.93368 -7.94185 1.32184 
 535 -4.84914 -7.86494 1.00816 
 536 -4.74688 -7.78661 0.707568 
 537 -4.61852 -7.74556 0.400632 
 538 -4.46264 -7.74292 0.0948666 
 539 -4.23489 -7.79227 -0.207028 
 540 -3.97767 -7.91781 -0.511319 
 541 -3.84785 -8.05525 -0.828505 
 542 -3.78246 -8.22509 -1.1416 
 543 -3.70393 -8.5249 -1.31525 
 544 -3.60108 -8.81709 -1.18765 
 545 -3.44776 -9.01413 -0.881471 
 546 -3.26744 -9.13948 -0.570276 
 547 -2.98329 -9.23918 -0.324378 
 548 -2.68732 -9.31649 -0.248833 
 549 -2.38477 -9.38235 -0.212159 
 550 -2.17882 -9.37922 0.0977112 
 551 -2.18767 -9.3449 0.396708 
 552 -2.20658 -9.32432 0.72114 
 553 -2.24324 -9.30196 1.02483 
 554 -2.24991 -9.24657 1.34972 
 555 -2.27804 -9.1493 1.66662 
 556 -2.33019 -9.0888 1.96767 
 557 -2.39809 -9.04104 2.26871 
 558 -2.47445 -9.02128 2.57641 
 559 -2.58564 -9.00967 2.8871 
 560 -2.68826 -9.03175 -3.09037 
 561 -3.01146 -9.0801 -3.02151 
 562 -3.32981 -9.06696 3.05113 
 563 -3.4484 -9.01485 2.75036 
 564 -3.52955 -8.91442 2.42234 
 565 -3.58859 -8.80244 2.107 
 566 -3.61939 -8.62523 1.79477 
 567 -3.65288 -8.31763 1.68083 
 568 -3.63641 -7.99826 1.4293 
 569 -3.54101 -7.83758 1.11553 
 570 -3.41396 -7.73189 0.787286 
 571 -3.24903 -7.65224 0.467397 
 572 -3.01559 -7.61896 0.167153 
 573 -2.72098 -7.62396 -0.0259783 
 574 -2.43137 -7.64046 -0.0502546 
 575 -2.112 -7.65264 -0.035483 
 576 -1.79253 -7.6648 -0.0391086 
 577 -1.4891 -7.67253 -0.0224396 
 578 -1.18907 -7.67461 -0.00436789 
 579 -0.880196 -7.67339 0.0049147 
 580 -0.560258 -7.67101 0.00786301 
 581 -0.241075 -7.66825 0.00956586 
 582 0.0588631 -7.66588 0.007349 
 583 0.371737 -7.66404 0.00615858 
 584 0.671757 -7.66212 0.00996839 
 585 0.98087 -7.6607 0.0033441 
 586 1.30055 -7.65742 0.0183234 
 587 1.60398 -7.64671 0.0362228 
 588 1.91396 -7.65768 -0.0789616 
 589 2.16973 -7.73853 -0.399583 
 590 2.27249 -7.84074 -0.704189 
 591 2.33975 -7.98052 -1.01809 
 592 2.3774 -8.16751 -1.32542 
 593 2.41488 -8.4749 -1.44909 
 594 2.41784 -8.78412 -1.61781 
 595 2.35637 -9.08739 -1.78327 
 596 2.26139 -9.38218 -1.89905 
 597 2.13993 -9.67668 -1.98116 
 598 2.00511 -9.95588 -2.02433 
 599 1.86471 -10.2314 -2.04403 
 600 1.71076 -10.5098 -2.06404 
 601 1.70436 -10.6086 -1.75246 
 602 1.7414 -10.5993 -1.4289 
 603 1.77588 -10.5887 -1.11385 
 604 1.80467 -10.5685 -0.807057 
 605 1.81592 -10.5408 -0.495433 
 606 1.86387 -10.5161 -0.202117 
 607 2.03196 -10.493 0.104619 
 608 2.12651 -10.4318 0.410056 
 609 2.21683 -10.332 0.732655 
 610 2.28797 -10.1907 1.04398 
 611 2.38073 -9.8945 1.2674 
 612 2.43824 -9.59704 1.39652 
 613 2.48144 -9.28804 1.42235 
 614 2.51742 -8.98424 1.42517 
 615 2.54405 -8.67612 1.49364 
 616 2.56591 -8.3749 1.49723 
 617 2.60567 -8.06927 1.40549 
 618 2.73631 -7.7902 1.12136 
 619 2.92286 -7.53141 0.903188 
 620 3.13989 -7.3119 0.781649 
 621 3.36684 -7.09974 0.755759 
 622 3.59001 -6.88674 0.761543 
 623 3.81406 -6.6716 0.766181 
 624 4.03151 -6.46247 0.760699 
 625 4.26893 -6.25635 0.708801 
 626 4.45449 -6.0438 0.718439 
 627 4.66684 -5.96458 0.401678 
 628 4.97605 -5.88144 0.283868 
 629 5.27894 -5.77868 0.349677 
 630 5.55831 -5.65811 0.41476 
 631 5.83902 -5.52326 0.44907 
 632 6.11821 -5.39103 0.438062 
 633 6.40331 -5.26996 0.397164 
 634 6.68869 -5.16511 0.346446 
 635 6.98168 -5.06867 0.312198 
 636 7.28241 -4.99485 0.225616 
 637 7.58993 -4.92373 0.257089 
 638 7.76789 -4.83853 0.564421 
 639 7.73294 -4.81066 0.891723 
 640 7.70901 -4.78834 1.19593 
 641 7.67609 -4.73523 1.50951 
 642 7.63828 -4.695 1.81227 
 643 7.58915 -4.67605 2.11233 
 644 7.50277 -4.62474 2.41839 
 645 7.38524 -4.59801 2.72061 
 646 7.21652 -4.58774 3.0214 
 647 6.90744 -4.60702 -3.0801 
 648 6.6044 -4.63003 -3.07046 
 649 6.29489 -4.65123 -3.073 
 650 5.99023 -4.66452 -3.1152 
 651 5.68118 -4.66472 -3.13925 
 652 5.37128 -4.66375 3.13663 
 653 5.06193 -4.64997 3.0787 
 654 4.75253 -4.58926 2.90025 
 655 4.50054 -4.45144 2.59518 
 656 4.28229 -4.23205 2.3289 
 657 4.09889 -3.99392 2.23093 
 658 3.93315 -3.72354 2.09247 
 659 3.86437 -3.44751 1.79019 
 660 3.8364 -3.1383 1.66776 
 661 3.82267 -2.83297 1.60838 
 662 3.86003 -2.51483 1.44928 
 663 3.82918 -2.4701 1.75412 
 664 3.79523 -2.49215 2.06811 
 665 3.76703 -2.51372 2.37767 
 666 3.75693 -2.53243 2.68682 
 667 3.74644 -2.57615 2.9913 
 668 3.74651 -2.60113 -2.98688 
 669 3.75726 -2.64493 -2.67735 
 670 3.78676 -2.67565 -2.36628 
 671 3.80564 -2.71134 -2.05426 
 672 3.82309 -2.77352 -1.72466 
 673 3.85707 -2.8234 -1.41902 
 674 3.90372 -2.85011 -1.11607 
 675 3.98084 -2.90037 -0.7998 
 676 4.09446 -2.94608 -0.497061 
 677 4.25707 -2.96507 -0.183887 
 678 4.56787 -2.95485 0.0401214 
 679 4.90135 -2.89566 0.352921 
 680 4.87375 -2.86389 0.668977 
 681 4.84743 -2.83914 0.984267 
 682 4.81486 -2.82368 1.29883 
 683 4.77894 -2.82172 1.6148 
 684 4.73734 -2.78714 1.91989 
 685 4.67811 -2.74563 2.22774 
 686 4.57189 -2.70063 2.53658 
 687 4.43851 -2.66644 2.86269 
 688 4.27856 -2.69199 -3.10395 
 689 4.12645 -2.75614 -2.79518 
 690 3.95182 -2.88906 -2.49447 
 691 3.85499 -3.02442 -2.18445 
 692 3.79137 -3.23013 -1.88504 
 693 3.78564 -3.49084 -1.57003 
 694 3.85393 -3.70753 -1.25802 
 695 4.02327 -3.94553 -0.956903 
 696 4.22244 -4.18528 -0.876908 
 697 4.4448 -4.40392 -0.745629 
 698 4.69214 -4.56128 -0.481203 
 699 5.00115 -4.64319 -0.231773 
 700 5.30017 -4.66854 -0.0653302 
 701 5.59365 -4.65786 0.0530924 
 702 5.9532 -4.64196 0.0784512 
 703 6.25185 -4.62282 0.0570964 
 704 6.57176 -4.61365 0.0188424 
 705 6.88058 -4.61068 0.00791064 
 706 7.18064 -4.61013 0.00389551 
 707 7.49983 -4.61091 -0.00772039 
 708 7.80967 -4.6145 -0.0103927 
 709 8.11303 -4.61939 -0.0217278 
 710 8.42306 -4.62576 -0.0186479 
 711 8.73268 -4.6264 -0.00593473 
 712 9.05229 -4.6272 -0.00259739 
 713 9.3615 -4.62668 0.00181548 
 714 9.67038 -4.6159 0.0443308 
 715 9.97102 -4.57765 0.144831 
 716 10.2725 -4.50317 0.268233 
 717 10.5433 -4.37239 0.480607 
 718 10.7774 -4.27165 0.176609 
 719 10.7782 -4.30679 -0.1306 
 720 10.7734 -4.34111 -0.434883 
 721 10.7541 -4.37016 -0.739379 
 722 10.736 -4.39265 -1.05697 
 723 10.7023 -4.41531 -1.36984 
 724 10.6668 -4.4271 -1.67987 
 725 10.6324 -4.41781 -1.99151 
 726 10.6034 -4.39927 -2.29304 
 727 10.5706 -4.37191 -2.60387 
 728 10.5576 -4.33919 -2.90965 
 729 10.5548 -4.30361 3.06666 
 730 10.5534 -4.26769 2.74483 
 731 10.5608 -4.22836 2.42179 
 732 10.5415 -4.14549 2.1068 
 733 10.5316 -4.02843 1.79087 
 734 10.5587 -3.90119 1.47282 
 735 10.6216 -3.79584 1.15554 
 736 10.8284 -3.56521 0.87434 
 737 10.9995 -3.41527 0.569098 
 738 11.0239 -3.44818 0.255461 
 739 11.0205 -3.48283 -0.049056 
 740 11.0004 -3.51655 -0.356539 
 741 10.993 -3.54748 -0.666361 
 742 10.9878 -3.59312 -0.978588 
 743 10.9567 -3.61786 -1.27897 
 744 10.9222 -3.62275 -1.58299 
 745 10.8878 -3.61715 -1.88729 
 746 10.8557 -3.61071 -2.20591 
 747 10.8306 -3.59525 -2.5173 
 748 10.8041 -3.55196 -2.84176 
 749 10.799 -3.51539 3.11926 
 750 10.8056 -3.47935 2.80287 
 751 10.8123 -3.44828 2.49181 
 752 10.8379 -3.41363 2.18172 
 753 10.87 -3.39792 1.86999 
 754 10.9058 -3.38281 1.5538 
 755 10.9477 -3.37747 1.23628 
 756 10.9729 -3.38983 0.923432 
 757 11.0077 -3.41561 0.611114 
 758 11.0236 -3.44812 0.295497 
 759 11.0285 -3.48403 -0.0209185 
 760 11.0221 -3.51962 -0.336457 
 761 11.0416 -3.55513 -0.653659 
 762 11.0168 -3.58904 -0.954311 
 763 10.9747 -3.61496 -1.26329 
 764 10.9503 -3.62038 -1.5674 
 765 10.9138 -3.61462 -1.88976 
 766 10.8728 -3.60887 -2.19315 
 767 10.8577 -3.58421 -2.50357 
 768 10.8314 -3.55302 -2.81099 
 769 10.8251 -3.51654 -3.13397 
 770 10.8307 -3.48036 2.83337 
 771 10.8364 -3.43875 2.52167 
 772 10.8607 -3.41383 2.22187 
 773 10.8918 -3.39694 1.91259 
 774 10.9269 -3.38033 1.60052 
 775 10.9725 -3.33614 1.29032 
 776 10.9275 -3.34272 1.59622 
 777 10.8956 -3.36384 1.90111 
 778 10.8739 -3.39061 2.21755 
 779 10.8561 -3.42308 2.51818 
 780 10.8402 -3.46416 2.8225 
 781 10.8344 -3.48894 3.13001 
 782 10.8396 -3.53433 -2.84497 
 783 10.865 -3.55617 -2.53631 
 784 10.889 -3.59167 -2.23044 
 785 10.9215 -3.59933 -1.90403 
 786 10.9576 -3.60558 -1.59119 
 787 11.004 -3.5804 -1.2667 
 788 11.0268 -3.57401 -0.943467 
 789 11.0416 -3.54944 -0.64554 
 790 11.0587 -3.51696 -0.31801 
 791 11.0645 -3.48071 -0.00457809 
 792 11.0585 -3.44351 0.324368 
 793 11.042 -3.41181 0.643156 
 794 11.0157 -3.38638 0.9559 
 795 10.9728 -3.37031 1.27156 
 796 10.9364 -3.37523 1.60297 
 797 10.9007 -3.38214 1.91702 
 798 10.87 -3.39887 2.22935 
 799 10.8558 -3.43437 2.53651 
 800 10.8402 -3.45702 2.85595 
 801 10.8355 -3.5021 -3.12241 
 802 10.8519 -3.52779 -2.80619 
 803 10.8681 -3.56836 -2.50462 
 804 10.8933 -3.58331 -2.19485 
 805 10.9245 -3.59918 -1.88592 
 806 10.9592 -3.60483 -1.57835 
 807 10.9948 -3.58945 -1.26426 
 808 11.0183 -3.5724 -0.936057 
 809 11.0437 -3.54663 -0.620272 
 810 11.0597 -3.51461 -0.307757 
 811 11.0651 -3.47932 0.00371519 
 812 11.0594 -3.44376 0.318057 
 813 11.0566 -3.39443 0.628876 
 814 11.1173 -3.27572 0.946938 
 815 11.1419 -3.14655 1.24948 
 816 11.1283 -3.03662 1.55905 
 817 11.0799 -2.92474 1.86101 
 818 10.9924 -2.83104 2.17442 
 819 10.8645 -2.74708 2.48762 
 820 10.6272 -2.66127 2.80136 
 821 10.32 -2.61881 3.0037 
 822 10.0196 -2.57877 3.01222 
 823 9.71235 -2.54052 3.02101 
 824 9.41117 -2.50544 3.0264 
 825 9.10633 -2.45366 2.95995 
 826 8.80858 -2.39113 2.93136 
 827 8.51242 -2.29824 2.79972 
 828 8.29185 -2.14859 2.47678 
 829 8.2024 -2.00745 2.18342 
 830 8.23365 -1.99195 1.8789 
 831 8.26862 -1.97653 1.57344 
 832 8.30441 -1.98214 1.25711 
 833 8.33212 -1.99145 0.929103 
 834 8.41746 -1.9707 0.601745 
 835 8.51555 -1.9525 0.282324 
 836 8.59601 -1.97758 -0.0323587 
 837 8.6649 -2.03085 -0.340827 
 838 8.63945 -2.0448 -0.651862 
 839 8.62366 -2.07947 -0.963596 
 840 8.59115 -2.09516 -1.27876 
 841 8.5562 -2.03002 -1.58667 
 842 8.58367 -2.02505 -1.27032 
 843 8.6158 -2.00926 -0.957673 
 844 8.63117 -1.97481 -0.653423 
 845 8.64792 -1.94424 -0.349168 
 846 8.5912 -1.89786 -0.0447952 
 847 8.56262 -1.86614 0.266113 
 848 8.52932 -1.84834 0.573478 
 849 8.49437 -1.83149 0.881404 
 850 8.46376 -1.82339 1.19544 
 851 8.42933 -1.81564 1.50357 
 852 8.39412 -1.82871 1.81213 
 853 8.36088 -1.83272 2.12702 
 854 8.33366 -1.86629 2.43806 
 855 8.32499 -1.88692 2.7547 
 856 8.2891 -1.92313 3.06597 
 857 8.24128 -1.96495 -2.88719 
 858 8.21437 -2.01053 -2.55947 
 859 8.192 -2.06697 -2.26161 
 860 8.19524 -2.14406 -1.94157 
 861 8.20396 -2.25248 -1.63337 
 862 8.2477 -2.36569 -1.32494 
 863 8.32345 -2.46184 -1.02156 
 864 8.43442 -2.53823 -0.698537 
 865 8.56339 -2.57325 -0.395351 
 866 8.8033 -2.59138 -0.0929822 
 867 9.11185 -2.60076 -0.01497 
 868 9.42808 -2.62188 -0.0828649 
 869 9.72891 -2.64962 -0.0908871 
 870 10.0365 -2.65284 0.0431122 
 871 10.2205 -2.59228 0.3671 
 872 10.3386 -2.47151 0.666373 
 873 10.4652 -2.29161 0.982563 
 874 10.5791 -2.01247 1.1969 
 875 10.6717 -1.72025 1.26545 
 876 10.7651 -1.42607 1.25902 
 877 10.8663 -1.13419 1.23682 
 878 10.9745 -0.853845 1.20535 
 879 11.0687 -0.558544 1.30089 
 880 11.07 -0.319481 1.59838 
 881 11.006 -0.16211 1.91941 
 882 10.9037 -0.0422539 2.22104 
 883 10.7603 0.0381706 2.5307 
 884 10.52 0.114049 2.83285 
 885 10.214 0.155928 3.02468 
 886 9.89423 0.156045 -3.11739 
 887 9.78814 0.118851 -2.80557 
 888 9.81451 0.0880236 -2.50089 
 889 9.83939 0.0635147 -2.19603 
 890 9.86552 0.0617181 -1.89338 
 891 9.90962 0.0658118 -1.58772 
 892 9.94475 0.0706776 -1.2781 
 893 9.97777 0.0867444 -0.960842 
 894 10.0033 0.111228 -0.648353 
 895 10.01 0.152023 -0.345932 
 896 10.0167 0.177001 -0.0317503 
 897 10.0126 0.211461 0.270963 
 898 9.98659 0.245775 0.598047 
 899 9.96189 0.272038 0.912692 
 900 9.9305 0.289269 1.22532 
 901 9.8952 0.295999 1.53207 
 902 9.84949 0.281744 1.84968 
 903 9.82055 0.266558 2.1681 
 904 9.71911 0.313295 2.49233 
 905 9.59946 0.340572 2.79994 
 906 9.48055 0.329177 3.12015 
 907 9.3088 0.269588 -2.85766 
 908 9.08969 0.235854 3.10853 
 909 9.08679 0.271974 2.78353 
 910 9.10493 0.303815 2.4635 
 911 9.11162 0.340679 2.1458 
 912 9.12199 0.405494 1.82562 
 913 9.16107 0.479065 1.52318 
 914 9.20644 0.529365 1.21541 
 915 9.29284 0.601306 0.889331 
 916 9.39627 0.64838 0.568114 
 917 9.51818 0.65964 0.246795 
 918 9.62902 0.636672 -0.0559331 
 919 9.7139 0.589724 -0.373975 
 920 9.80769 0.506571 -0.676325 
 921 9.77142 0.472607 -0.990283 
 922 9.74952 0.458087 -1.29637 
 923 9.71467 0.453832 -1.59646 
 924 9.67996 0.460147 -1.90799 
 925 9.63778 0.477606 -2.22421 
 926 9.61286 0.503865 -2.54022 
 927 9.58743 0.526275 -2.86062 
 928 9.59294 0.57044 3.1289 
 929 9.58946 0.597156 2.79619 
 930 9.60617 0.637903 2.4977 
 931 9.62082 0.652096 2.18928 
 932 9.6618 0.677731 1.89338 
 933 9.69281 0.688661 1.57286 
 934 9.72855 0.687854 1.25045 
 935 9.76067 0.671171 0.934539 
 936 9.77633 0.632958 0.625093 
 937 9.79209 0.59228 0.324221 
 938 9.79808 0.556827 0.0104881 
 939 9.82904 0.517272 -0.293478 
 940 10.1282 0.413992 -0.304038 
 941 10.2121 0.430922 -0.00133691 
 942 10.2427 0.473797 0.31694 
 943 10.2941 0.53698 0.637761 
 944 10.3528 0.644024 0.944793 
 945 10.3902 0.797781 1.26581 
 946 10.3886 1.02691 1.57492 
 947 10.3179 1.26973 1.87383 
 948 10.1848 1.46247 2.18999 
 949 9.98583 1.61608 2.50512 
 950 9.75065 1.70238 2.80559 
 951 9.44375 1.73581 3.05509 
 952 9.1146 1.73414 -3.13418 
 953 9.05428 1.69941 -2.82677 
 954 9.08 1.66822 -2.52547 
 955 9.10428 1.6431 -2.22412 
 956 9.13577 1.62601 -1.91125 
 957 9.1714 1.62944 -1.5914 
 958 9.20676 1.63426 -1.27984 
 959 9.26155 1.61698 -0.956348 
 960 9.30961 1.60765 -0.648926 
 961 9.37554 1.61265 -0.332005 
 962 9.45162 1.63496 -0.0231926 
 963 9.48676 1.68049 0.283583 
 964 9.57722 1.76714 0.608467 
 965 9.6552 1.88165 0.924052 
 966 9.70579 2.05367 1.22473 
 967 9.71051 2.25841 1.54543 
 968 9.65669 2.4088 1.85607 
 969 9.57229 2.51361 2.16183 
 970 9.45145 2.59571 2.46662 
 971 9.27516 2.65755 2.76734 
 972 9.08072 2.66331 3.08459 
 973 9.08414 2.6282 -2.89435 
 974 9.10774 2.59602 -2.58598 
 975 9.13045 2.56948 -2.28115 
 976 9.16007 2.56097 -1.97626 
 977 9.19406 2.55218 -1.67339 
 978 9.23959 2.55406 -1.36278 
 979 9.27345 2.55407 -1.04478 
 980 9.32834 2.55034 -0.737819 
 981 9.39138 2.5522 -0.41931 
 982 9.42896 2.57656 -0.0992109 
 983 9.4563 2.60284 0.215399 
 984 9.53311 2.6793 0.525067 
 985 9.61199 2.78863 0.841973 
 986 9.65773 2.93636 1.14371 
 987 9.6717 3.09545 1.44447 
 988 9.6357 3.23956 1.74807 
 989 9.54843 3.3831 2.06472 
 990 9.40712 3.51147 2.38902 
 991 9.2315 3.59151 2.6928 
 992 9.07644 3.61072 3.00108 
 993 9.06699 3.56502 -2.98821 
 994 9.07757 3.53154 -2.67844 
 995 9.10774 3.50302 -2.3667 
 996 9.14567 3.49207 -2.06184 
 997 9.18101 3.48005 -1.73576 
 998 9.21617 3.48965 -1.42872 
 999 9.25041 3.50018 -1.11597 
 1000 9.27969 3.5207 -0.810798 
 1001 9.30359 3.5571 -0.497573 
 1002 9.3534 3.5685 -0.191118 
 1003 9.42018 3.60031 0.118025 
 1004 9.473 3.65007 0.421677 
 1005 9.5309 3.726 0.737203 
 1006 9.56885 3.83834 1.04526 
 1007 9.58397 3.9623 1.35864 
 1008 9.5588 4.10672 1.6696 
 1009 9.45038 4.3953 1.87649 
 1010 9.40441 4.69525 1.72356 
 1011 9.36662 5.00243 1.68361 
 1012 9.28296 5.29677 1.93538 
 1013 9.17685 5.41332 2.2544 
 1014 9.04105 5.49261 2.56043 
 1015 8.85046 5.5443 2.87349 
 1016 8.54251 5.64214 2.55611 
 1017 8.48065 5.74571 2.24229 
 1018 8.45233 5.87569 1.92409 
 1019 8.45922 6.02211 1.61136 
 1020 8.48413 6.33134 1.49904 
 1021 8.51948 6.64957 1.45714 
 1022 8.54324 6.95843 1.5114 
 1023 8.51199 7.256 1.82344 
 1024 8.4196 7.39256 2.13778 
 1025 8.22561 7.54436 2.44776 
 1026 8.02248 7.63051 2.7535 
 1027 7.71588 7.67181 3.04009 
 1028 7.41596 7.66673 -3.11967 
 1029 7.09694 7.65163 -3.09172 
 1030 6.79809 7.63833 -3.09884 
 1031 6.49465 7.63002 -3.11507 
 1032 6.17526 7.62437 -3.12579 
 1033 5.87201 7.62456 3.14074 
 1034 5.56081 7.62318 -3.13207 
 1035 5.25379 7.60684 -3.08448 
 1036 4.94464 7.59038 -3.09647 
 1037 4.63569 7.57885 -3.10826 
 1038 4.3289 7.54907 -3.00403 
 1039 4.13886 7.47118 -2.68778 
 1040 4.04298 7.36097 -2.36165 
 1041 3.98251 7.2074 -2.05881 
 1042 3.9197 6.92833 -1.75563 
 1043 3.94334 6.73004 -1.45409 
 1044 4.00995 6.62279 -1.14156 
 1045 4.11154 6.53484 -0.816126 
 1046 4.27459 6.47128 -0.511343 
 1047 4.56196 6.38437 -0.271638 
 1048 4.86432 6.32107 -0.205577 
 1049 5.16545 6.25521 -0.226122 
 1050 5.46283 6.16685 -0.294389 
 1051 5.75137 6.06734 -0.345405 
 1052 6.02574 5.90704 -0.611308 
 1053 6.17468 5.71973 -0.919044 
 1054 6.25459 5.50895 -1.21985 
 1055 6.26238 5.30564 -1.51895 
 1056 6.20097 5.0164 -1.83683 
 1057 6.10232 4.87884 -2.15729 
 1058 5.96384 4.78925 -2.46849 
 1059 5.79195 4.73103 -2.77364 
 1060 5.48814 4.65682 -2.92947 
 1061 5.28168 4.56462 -2.63063 
 1062 5.212 4.47795 -2.32195 
 1063 5.17582 4.35205 -2.02244 
 1064 5.15723 4.17098 -1.70915 
 1065 5.19614 3.92165 -1.40817 
 1066 5.29408 3.62411 -1.22882 
 1067 5.34484 3.31308 -1.4678 
 1068 5.34143 3.00857 -1.56852 
 1069 5.34016 2.69984 -1.5767 
 1070 5.33488 2.39514 -1.58373 
 1071 5.33601 2.08107 -1.58679 
 1072 5.27692 1.89414 -1.89246 
 1073 5.09314 1.65275 -2.15111 
 1074 4.97141 1.37101 -1.93419 
 1075 4.90888 1.06361 -1.7434 
 1076 4.94045 0.816505 -1.43845 
 1077 5.02713 0.555652 -1.13768 
 1078 5.05084 0.596983 -0.832276 
 1079 5.06278 0.623982 -0.527528 
 1080 5.07575 0.657328 -0.214687 
 1081 5.07781 0.69306 0.101628 
 1082 5.05901 0.726688 0.399424 
 1083 5.04061 0.756425 0.708419 
 1084 5.01351 0.779514 1.01911 
 1085 4.98128 0.793077 1.32758 
 1086 4.94645 0.786272 1.63079 
 1087 4.91218 0.778913 1.93751 
 1088 4.88179 0.751446 2.245 
 1089 4.85735 0.734762 2.56112 
 1090 4.84313 0.693554 2.86159 
 1091 4.84873 0.657817 -3.10921 
 1092 4.85548 0.622624 -2.79282 
 1093 4.8728 0.59127 -2.48037 
 1094 4.89837 0.567113 -2.17348 
 1095 4.90459 0.507648 -1.87317 
 1096 4.92069 0.39256 -1.56549 
 1097 4.98578 0.287504 -1.24247 
 1098 5.06407 0.194234 -0.919299 
 1099 5.18012 0.137764 -0.622699 
 1100 5.3 0.116527 -0.318697 
 1101 5.44773 0.0596301 -0.617828 
 1102 5.45617 0.0936565 -0.314049 
 1103 5.44487 0.0396293 -0.618258 
 1104 5.51096 -0.0685739 -0.915043 
 1105 5.47583 -0.0809664 -1.21211 
 1106 5.44161 -0.0881084 -1.51033 
 1107 5.40621 -0.0895294 -1.8075 
 1108 5.37584 -0.0662325 -2.12519 
 1109 5.36806 -0.0311995 -2.43802 
 1110 5.36198 0.0072974 -2.74935 
 1111 5.34361 0.0421567 -3.06679 
 1112 5.33661 0.0781289 2.90042 
 1113 5.10202 0.212377 2.77891 
 1114 4.79522 0.250794 3.06292 
 1115 4.50272 0.209751 -2.97327 
 1116 4.20939 0.102083 -2.74534 
 1117 3.94082 -0.0441249 -2.66778 
 1118 3.83928 -0.162467 -2.35069 
 1119 3.79159 -0.287192 -2.0283 
 1120 3.77809 -0.454789 -1.71346 
 1121 3.80417 -0.76178 -1.45832 
 1122 3.88837 -1.04242 -1.26899 
 1123 4.00716 -1.32823 -1.16989 
 1124 4.13921 -1.60636 -1.12658 
 1125 4.27372 -1.88568 -1.12343 
 1126 4.39321 -2.17574 -1.16861 
 1127 4.51781 -2.46184 -1.14212 
 1128 4.66949 -2.65478 -0.823109 
 1129 4.81142 -2.72321 -0.511742 
 1130 5.00757 -2.75718 -0.19658 
 1131 5.28987 -2.72613 0.0963724 
 1132 5.58407 -2.64773 0.274567 
 1133 5.86896 -2.54093 0.363166 
 1134 6.14815 -2.42999 0.376622 
 1135 6.43189 -2.30716 0.425537 
 1136 6.67867 -2.12703 0.683225 
 1137 6.81309 -1.92922 0.990895 
 1138 6.89294 -1.67302 1.29553 
 1139 6.89035 -1.46567 1.60316 
 1140 6.85128 -1.39722 1.92755 
 1141 6.82059 -1.42438 2.241 
 1142 6.79694 -1.43981 2.54364 
 1143 6.75997 -1.4675 2.84127 
 1144 6.70069 -1.49335 -3.12885 
 1145 6.66488 -1.53592 -2.82071 
 1146 6.6315 -1.59358 -2.49979 
 1147 6.61685 -1.66131 -2.16657 
 1148 6.61916 -1.72722 -1.86199 
 1149 6.65706 -1.76266 -1.55898 
 1150 6.69196 -1.7467 -1.25476 
 1151 6.72327 -1.73078 -0.953334 
 1152 6.74846 -1.70629 -0.648586 
 1153 6.75542 -1.66461 -0.334255 
 1154 6.88217 -1.7453 -0.63615 
 1155 6.91782 -1.83246 -0.953824 
 1156 6.94204 -1.9403 -1.27285 
 1157 6.92306 -2.06095 -1.59072 
 1158 6.85651 -2.18375 -1.91447 
 1159 6.76501 -2.27494 -2.24474 
 1160 6.64139 -2.34231 -2.55706 
 1161 6.37179 -2.41542 -2.86462 
 1162 6.07625 -2.48194 -2.90969 
 1163 5.78178 -2.55744 -2.88082 
 1164 5.48827 -2.63801 -2.88513 
 1165 5.19026 -2.7002 -2.93987 
 1166 4.88655 -2.74701 -2.99469 
 1167 4.58012 -2.79195 -3.02985 
 1168 4.26547 -2.80953 -3.07833 
 1169 3.96761 -2.83582 -2.96828 
 1170 3.91089 -2.88572 -2.66007 
 1171 3.8336 -2.98522 -2.34243 
 1172 3.78064 -3.14021 -2.03082 
 1173 3.75921 -3.34015 -1.72706 
 1174 3.80322 -3.58097 -1.41776 
 1175 3.91011 -3.80507 -1.10996 
 1176 4.09127 -4.04427 -0.935291 
 1177 4.28348 -4.29623 -0.89231 
 1178 4.50767 -4.52254 -0.794707 
 1179 4.74054 -4.72908 -0.717236 
 1180 4.98202 -4.92287 -0.679477 
 1181 5.22043 -5.10889 -0.664074 
 1182 5.46068 -5.2934 -0.655569 
 1183 5.7023 -5.47842 -0.654608 
 1184 5.94761 -5.66662 -0.65534 
 1185 6.1932 -5.85464 -0.65424 
 1186 6.43534 -6.03901 -0.652299 
 1187 6.68178 -6.22711 -0.652088 
 1188 6.92977 -6.40816 -0.615542 
 1189 7.14329 -6.5909 -0.926333 
 1190 7.11189 -6.60762 -1.2369 
 1191 7.08941 -6.71873 -1.53716 
 1192 7.03517 -6.8868 -1.86237 
 1193 6.95293 -6.97836 -2.18134 
 1194 6.85011 -7.04819 -2.48614 
 1195 6.56006 -7.18419 -2.68028 
 1196 6.3028 -7.3461 -2.54704 
 1197 6.07334 -7.54468 -2.40901 
 1198 5.88674 -7.79003 -2.09194 
 1199 5.92416 -7.80862 -1.73354 
 1200 5.96072 -7.82381 -1.42129 
 1201 6.00938 -7.85581 -1.09586 
 1202 6.08123 -7.89711 -0.786335 
 1203 6.19556 -7.93045 -0.485619 
 1204 6.32407 -7.93854 -0.171897 
 1205 6.51642 -7.90531 0.129672 
 1206 6.82008 -7.84163 0.19627 
 1207 7.12532 -7.7907 0.161153 
 1208 7.43245 -7.7421 0.113606 
 1209 7.73652 -7.73831 -0.00026371 
 1210 8.05603 -7.74717 -0.0288481 
 1211 8.36385 -7.78051 -0.128893 
 1212 8.66555 -7.84296 -0.203955 
 1213 8.96229 -7.90529 -0.206441 
 1214 9.26449 -7.96494 -0.187496 
 1215 9.56386 -8.01426 -0.163869 
 1216 9.86845 -8.06338 -0.159096 
 1217 10.1699 -8.12641 -0.225291 
 1218 10.4586 -8.24529 -0.426711 
 1219 10.7227 -8.32594 -0.321063 
 1220 10.8523 -8.43945 -0.631644 
 1221 11.0539 -8.6715 -0.846698 
 1222 11.264 -8.89798 -0.812469 
 1223 11.4638 -9.13495 -1.1325 
 1224 11.4281 -9.14507 -1.45676 
 1225 11.3916 -9.14341 -1.77579 
 1226 11.3631 -9.13933 -2.09845 
 1227 11.3201 -9.14732 -2.4189 
 1228 11.2468 -9.13815 -2.73775 
 1229 11.2091 -9.12299 -3.06161 
 1230 11.1711 -9.07392 2.9048 
 1231 11.1185 -9.01662 2.58432 
 1232 11.0333 -8.91447 2.26157 
 1233 11.0024 -8.79574 1.94639 
 1234 11.0074 -8.6665 1.64172 
 1235 11.0688 -8.4657 1.34094 
 1236 11.1233 -8.16358 1.38398 
 1237 11.1657 -7.8612 1.47572 
 1238 11.1684 -7.55788 1.53196 
 1239 11.1817 -7.24818 1.55893 
 1240 11.1714 -6.94498 1.57802 
 1241 11.1697 -6.64096 1.57382 
 1242 11.1676 -6.33786 1.58259 
 1243 11.1675 -6.02856 1.5713 
 1244 11.1683 -5.72495 1.56683 
 1245 11.1667 -5.41544 1.58661 
 1246 11.1603 -5.11163 1.58773 
 1247 11.158 -4.80178 1.57277 
 1248 11.1811 -4.48901 1.46844 
 1249 11.2571 -4.18668 1.25972 
 1250 11.3498 -4.09217 0.936226 
 1251 11.4627 -4.02981 0.611321 
 1252 11.605 -3.99406 0.291016 
 1253 11.7731 -4.00729 -0.0258953 
 1254 11.9277 -4.0683 -0.340541 
 1255 12.0517 -4.17465 -0.655855 
 1256 12.1655 -4.34368 -0.95783 
 1257 12.2794 -4.63596 -1.20608 
 1258 12.3966 -4.91627 -1.12981 
 1259 12.5952 -5.14429 -0.829648 
 1260 12.8397 -5.32513 -0.610903 
 1261 13.1107 -5.47158 -0.487321 
 1262 13.3926 -5.61804 -0.461597 
 1263 13.5878 -5.6613 -0.155042 
 1264 13.5778 -5.62566 0.159528 
 1265 13.5672 -5.59271 0.458062 
 1266 13.5465 -5.56333 0.772131 
 1267 13.5183 -5.55216 1.0796 
 1268 13.546 -5.5628 0.778553 
 1269 13.5195 -5.54937 1.08275 
 1270 13.5032 -5.41196 1.53885 
 1271 13.4563 -5.30467 1.84469 
 1272 13.3782 -5.21302 2.14846 
 1273 13.2769 -5.14965 2.45683 
 1274 13.1611 -5.13003 2.7685 
 1275 13.086 -5.14978 3.09481 
 1276 13.0898 -5.18523 -2.87361 
 1277 13.1146 -5.21787 -2.56092 
 1278 13.1379 -5.24378 -2.25667 
 1279 13.1689 -5.25189 -1.94343 
 1280 13.0655 -5.45942 -2.2473 
 1281 12.9348 -5.51107 -2.61213 
 1282 12.8224 -5.52275 -2.91542 
 1283 12.6912 -5.49786 3.05285 
 1284 12.5773 -5.43573 2.74277 
 1285 12.4748 -5.33144 2.42699 
 1286 12.3816 -5.15357 2.06058 
 1287 12.3214 -4.85414 1.77213 
 1288 12.2768 -4.55398 1.72068 
 1289 12.2241 -4.24765 1.75329 
 1290 12.1461 -4.09888 2.0604 
 1291 12.0344 -4.0217 2.43419 
 1292 11.8898 -3.97408 2.74778 
 1293 11.7083 -3.96064 3.05147 
 1294 11.5003 -4.00662 -2.92076 
 1295 11.3692 -4.09798 -2.60895 
 1296 11.2518 -4.227 -2.30241 
 1297 11.153 -4.45509 -1.99398 
 1298 11.0942 -4.73325 -1.72893 
 1299 11.0833 -5.05343 -1.59853 
 1300 11.0912 -5.37376 -1.5466 
 1301 11.0982 -5.65892 -1.54267 
 1302 11.1041 -5.97291 -1.55353 
 1303 11.1071 -6.26811 -1.56256 
 1304 11.1081 -6.57888 -1.56889 
 1305 11.1057 -6.88903 -1.57951 
 1306 11.1019 -7.19806 -1.58266 
 1307 11.1123 -7.50766 -1.53462 
 1308 11.1245 -7.81016 -1.53525 
 1309 11.1329 -8.11893 -1.544 
 1310 11.1548 -8.42855 -1.48289 
 1311 11.2191 -8.72531 -1.3268 
 1312 11.3458 -9.00641 -1.11886 
 1313 11.513 -9.26866 -0.992354 
 1314 11.6972 -9.51506 -0.925069 
 1315 11.8882 -9.75924 -0.902685 
 1316 12.0805 -10.0013 -0.899978 
 1317 12.2725 -10.2433 -0.901536 
 1318 12.4637 -10.4857 -0.903871 
 1319 12.6508 -10.7243 -0.905303 
 1320 12.8414 -10.9683 -0.908784 
 1321 13.0416 -11.2164 -0.884417 
 1322 13.1986 -11.4696 -1.19536 
 1323 13.1742 -11.4873 -1.50615 
 1324 13.2006 -11.4689 -1.1839 
 1325 13.2418 -11.4693 -0.856532 
 1326 13.3122 -11.4815 -0.553621 
 1327 13.4306 -11.4964 -0.250052 
 1328 13.5403 -11.4746 0.0590981 
 1329 13.6491 -11.4176 0.362809 
 1330 13.745 -11.323 0.680283 
 1331 13.909 -11.0652 0.959402 
 1332 14.1194 -10.8356 0.824826 
 1333 14.3147 -10.7108 0.527383 
 1334 14.5262 -10.6622 0.210336 
 1335 14.8358 -10.6653 -0.0464609 
 1336 15.1286 -10.7423 -0.294888 
 1337 15.4042 -10.8837 -0.498942 
 1338 15.664 -11.0543 -0.5874 
 1339 15.9192 -11.2309 -0.606318 
 1340 16.1815 -11.4106 -0.58272 
 1341 16.3419 -11.4661 -0.272072 
 1342 16.3277 -11.4977 -0.560023 
 1343 16.3048 -11.5241 -0.875838 
 1344 16.2832 -11.5529 -1.19333 
 1345 16.2473 -11.5608 -1.51778 
 1346 16.2109 -11.5669 -1.83078 
 1347 16.1773 -11.5519 -2.15514 
 1348 16.138 -11.54 -2.47011 
 1349 16.0487 -11.541 -2.80202 
 1350 15.9284 -11.5283 -3.11959 
 1351 15.8068 -11.4781 2.84004 
 1352 15.7163 -11.3949 2.52099 
 1353 15.6559 -11.2867 2.20403 
 1354 15.6168 -11.1348 1.90332 
 1355 15.565 -10.8249 1.74907 
 1356 15.5164 -10.5192 1.72858 
 1357 15.4356 -10.2548 2.0425 
 1358 15.3647 -10.2286 2.36819 
 1359 15.2452 -10.1874 2.68822 
 1360 15.1204 -10.1853 3.01101 
 1361 14.9945 -10.2231 -2.95453 
 1362 14.8896 -10.2955 -2.65175 
 1363 14.8828 -10.3374 -2.33241 
 1364 14.9251 -10.3413 -2.01926 
 1365 14.8123 -10.4575 -2.33474 
 1366 14.6814 -10.5033 -2.66541 
 1367 14.5259 -10.5168 -2.9689 
 1368 14.3367 -10.4875 3.0136 
 1369 14.0727 -10.3735 2.70954 
 1370 13.7988 -10.2125 2.59033 
 1371 13.5359 -10.0474 2.58333 
 1372 13.2789 -9.89143 2.62133 
 1373 12.9932 -9.74789 2.66958 
 1374 12.7143 -9.63735 2.80688 
 1375 12.4115 -9.56759 2.92011 
 1376 12.1142 -9.48 2.81994 
 1377 11.8479 -9.31965 2.55482 
 1378 11.6254 -9.1127 2.37734 
 1379 11.4371 -8.87914 2.2261 
 1380 11.2867 -8.61319 2.04869 
 1381 11.2109 -8.30191 1.76906 
 1382 11.1845 -7.99331 1.63611 
 1383 11.1702 -7.69052 1.60398 
 1384 11.164 -7.38116 1.59305 
 1385 11.1595 -7.07147 1.58454 
 1386 11.1586 -6.7679 1.57326 
 1387 11.1606 -6.45808 1.56363 
 1388 11.1621 -6.14877 1.56435 
 1389 11.1664 -5.83882 1.55785 
 1390 11.1663 -5.53582 1.57036 
 1391 11.1676 -5.22648 1.56633 
 1392 11.171 -4.91651 1.5588 
 1393 11.1894 -4.60757 1.4835 
 1394 11.2692 -4.34416 1.18135 
 1395 11.3794 -4.22341 0.874042 
 1396 11.5299 -4.13897 0.560642 
 1397 11.7255 -4.09308 0.250211 
 1398 12.029 -4.07406 0.0772174 
 1399 12.3489 -4.06665 0.0217674 
 1400 12.6532 -4.07532 -0.0420082 
 1401 12.9623 -4.09189 -0.052974 
 1402 13.2715 -4.11384 -0.065589 
 1403 13.5802 -4.13401 -0.0599288 
 1404 13.8839 -4.14249 -0.0184762 
 1405 14.2034 -4.14812 -0.0294 
 1406 14.5063 -4.18297 -0.126908 
 1407 14.8122 -4.22904 -0.142585 
 1408 15.1227 -4.2858 -0.217917 
 1409 15.4349 -4.36969 -0.267395 
 1410 15.4552 -4.33866 0.0412475 
 1411 15.4474 -4.30142 0.373814 
 1412 15.4187 -4.2798 0.694774 
 1413 15.3904 -4.25539 1.02101 
 1414 15.3586 -4.24198 1.32601 
 1415 15.3238 -4.24877 1.63126 
 1416 15.2793 -4.25631 1.93528 
 1417 15.2492 -4.28333 2.23296 
 1418 15.2352 -4.30883 2.54183 
 1419 15.2199 -4.34074 2.85023 
 1420 15.33 -4.37378 -3.11709 
 1421 15.33 -4.37378 -2.81196 
 1422 15.3398 -4.36345 -2.50368 
 1423 15.3397 -4.37308 -2.80446 
 1424 15.3297 -4.37308 2.98645 
 1425 15.3333 -4.3701 2.65146 
 1426 15.3008 -4.35099 2.95309 
 1427 15.3008 -4.35059 -3.02144 
 1428 15.3009 -4.35096 -2.71204 
 1429 15.3107 -4.34066 -2.40375 
 1430 15.3107 -4.34066 -2.09083 
 1431 15.3107 -4.34066 -1.78597 
 1432 15.3107 -4.33066 -1.48113 
 1433 15.3138 -4.34015 -1.17429 
 1434 15.3293 -4.34854 -0.865137 
 1435 15.3195 -4.3382 -0.561203 
 1436 15.3371 -4.3476 -0.245951 
 1437 15.3371 -4.3476 0.0990704 
 1438 15.327 -4.34723 0.418867 
 1439 15.3272 -4.35753 0.737914 
 1440 15.3172 -4.35753 1.05178 
 1441 15.3172 -4.36753 1.35662 
 1442 15.3168 -4.36756 1.66017 
 1443 15.3176 -4.36726 1.96894 
 1444 15.3273 -4.37752 2.28399 
 1445 15.3273 -4.37752 2.58921 
 1446 15.3272 -4.37791 2.89859 
 1447 15.3371 -4.37751 -3.07627 
 1448 15.3277 -4.37517 2.90359 
 1449 15.3008 -4.35198 2.58316 
 1450 15.3107 -4.36237 2.89259 
 1451 15.3207 -4.36237 -3.08849 
 1452 15.3107 -4.36237 -2.78375 
 1453 15.3207 -4.36237 -2.47886 
 1454 15.3107 -4.35237 -2.166 
 1455 15.3207 -4.35237 -1.85317 
 1456 15.3203 -4.35238 -1.54079 
 1457 15.3106 -4.34225 -1.23942 
 1458 15.3247 -4.3514 -0.929862 
 1459 15.3144 -4.35173 -0.624094 
 1460 15.3421 -4.35089 -0.313013 
 1461 15.3321 -4.36089 0.0142451 
 1462 15.3321 -4.35089 0.430417 
 1463 15.3321 -4.36089 0.749592 
 1464 15.3221 -4.37089 1.06409 
 1465 15.3221 -4.37089 1.37883 
 1466 15.3225 -4.37084 1.68947 
 1467 15.3221 -4.38101 2.00127 
 1468 15.3318 -4.38128 2.3142 
 1469 15.322 -4.38093 2.6316 
 1470 15.332 -4.38093 2.93843 
 1471 15.342 -4.38093 -3.04471 
 1472 15.3322 -4.38015 2.92062 
 1473 15.3213 -4.37047 2.61336 
 1474 15.3052 -4.37733 2.92259 
 1475 15.3152 -4.36693 -3.04285 
 1476 15.3252 -4.36693 -2.73797 
 1477 15.3152 -4.36693 -2.43313 
 1478 15.3252 -4.35693 -2.12828 
 1479 15.3152 -4.35693 -1.82046 
 1480 15.3252 -4.35693 -1.51061 
 1481 15.3255 -4.34679 -1.20922 
 1482 15.3149 -4.34729 -0.890265 
 1483 15.3355 -4.35782 -0.586589 
 1484 15.3357 -4.35704 -0.276465 
 1485 15.3257 -4.35744 0.0457784 
 1486 15.3254 -4.35669 0.367404 
 1487 15.3159 -4.35732 0.683902 
 1488 15.3159 -4.36732 0.995472 
 1489 15.3159 -4.36732 1.30128 
 1490 15.3059 -4.37732 1.60664 
 1491 15.3159 -4.37732 1.91506 
 1492 15.3059 -4.37732 2.21963 
 1493 15.3159 -4.37732 2.5312 
 1494 15.326 -4.37694 2.84571 
 1495 15.316 -4.37694 -3.12468 
 1496 15.326 -4.37694 -2.81981 
 1497 15.336 -4.36694 -2.51502 
 1498 15.3259 -4.37655 -2.84309 
 1499 15.32 -4.37762 3.10739 
 1500 15.2671 -4.36892 2.80625 
 1501 15.2568 -4.36924 2.47396 
 1502 15.2572 -4.35905 2.06239 
 1503 15.2572 -4.35905 1.75957 
 1504 15.2568 -4.35899 1.43612 
 1505 15.2584 -4.35534 1.11822 
 1506 15.2806 -4.31222 0.802869 
 1507 15.331 -4.28509 0.375198 
 1508 15.3697 -4.27583 0.0542315 
 1509 15.407 -4.27645 0.365633 
 1510 15.397 -4.28645 0.666297 
 1511 15.397 -4.28645 0.969146 
 1512 15.397 -4.28645 1.28026 
 1513 15.387 -4.29645 1.58545 
 1514 15.4117 -4.07324 1.27887 
 1515 15.4568 -3.97074 0.930321 
 1516 15.5425 -3.87257 0.604245 
 1517 15.6167 -3.84122 0.295521 
 1518 15.7073 -3.82671 -0.0175982 
 1519 16.0399 -3.83287 -0.02247 
 1520 16.1229 -3.82581 0.292502 
 1521 16.1912 -3.80189 0.594799 
 1522 16.2537 -3.73727 0.914035 
 1523 16.2882 -3.67878 1.22003 
 1524 16.3736 -3.41978 1.34655 
 1525 16.392 -3.11892 1.633 
 1526 16.3654 -2.77635 1.69221 
 1527 16.3414 -2.67143 2.01503 
 1528 16.2958 -2.62601 2.32313 
 1529 16.2174 -2.56271 2.63142 
 1530 16.1229 -2.52532 2.93843 
 1531 16.0139 -2.51889 -3.01714 
 1532 15.9184 -2.54187 -2.71586 
 1533 15.9155 -2.53832 -2.40337 
 1534 15.9152 -2.53812 -2.08542 
 1535 15.9183 -2.52549 -1.78221 
 1536 15.8821 -2.71586 -2.09341 
 1537 15.8153 -2.80355 -2.3954 
 1538 15.708 -2.87127 -2.70738 
 1539 15.5723 -2.91147 -3.0143 
 1540 15.3946 -2.90837 2.95956 
 1541 15.1922 -2.84516 2.65287 
 1542 15.0243 -2.72166 2.35094 
 1543 14.8833 -2.52021 2.04975 
 1544 14.7808 -2.22967 1.81988 
 1545 14.7116 -1.93407 1.78808 
 1546 14.6426 -1.63266 1.81018 
 1547 14.5604 -1.29854 1.50129 
 1548 14.5604 -1.29854 1.18273 
 1549 14.5604 -1.29854 0.878791 
 1550 14.5699 -1.29173 0.563953 
 1551 14.6393 -1.2595 0.245179 
 1552 14.7155 -1.2418 -0.0691018 
 1553 14.784 -1.26631 -0.389051 
 1554 14.8781 -1.31158 -0.700226 
 1555 14.9703 -1.42975 -1.08023 
 1556 15.0186 -1.56352 -1.37743 
 1557 15.0397 -1.86537 -1.52674 
 1558 15.0576 -2.16658 -1.83096 
 1559 15.0476 -2.16658 -2.14536 
 1560 15.0476 -2.16658 -2.46099 
 1561 15.0476 -2.16658 -2.76623 
 1562 15.0375 -2.16618 -3.06502 
 1563 15.0375 -2.16618 2.90066 
 1564 15.0375 -2.16618 2.58344 
 1565 15.0275 -2.16618 2.27018 
 1566 15.0272 -2.16633 1.94986 
 1567 15.0272 -2.16633 1.63445 
 1568 15.0275 -2.15643 1.3152 
 1569 15.0275 -2.15643 0.994331 
 1570 15.0275 -2.14643 0.578005 
 1571 15.0375 -2.15643 0.256978 
 1572 15.0375 -2.15643 -0.0621943 
 1573 15.0475 -2.15643 -0.373324 
 1574 15.0478 -2.15612 -0.690117 
 1575 15.0578 -2.15612 -1.00186 
 1576 15.0526 -2.17682 -1.30416 
 1577 15.0778 -2.48463 -1.55585 
 1578 15.0901 -2.69264 -1.24839 
 1579 15.1299 -2.76049 -0.879822 
 1580 15.2132 -2.8371 -0.569478 
 1581 15.333 -2.89435 -0.252908 
 1582 15.5574 -2.917 0.0640989 
 1583 15.8068 -2.86558 0.365666 
 1584 16.0343 -2.73765 0.677783 
 1585 16.1943 -2.53588 0.988318 
 1586 16.3108 -2.26625 1.2933 
 1587 16.3711 -1.98338 1.45285 
 1588 16.3945 -1.68514 1.53329 
 1589 16.4018 -1.36641 1.55856 
 1590 16.4035 -1.05639 1.57185 
 1591 16.4034 -0.763173 1.56883 
 1592 16.4047 -0.443565 1.56649 
 1593 16.406 -0.133544 1.5697 
 1594 16.3875 0.17448 1.68296 
 1595 16.3564 0.475644 1.64889 
 1596 16.3414 0.785274 1.60406 
 1597 16.3272 1.10251 1.74335 
 1598 16.2568 1.32724 2.04344 
 1599 16.1186 1.5187 2.35782 
 1600 15.8689 1.6881 2.65934 
 1601 15.5798 1.82085 2.69183 
 1602 15.3127 1.96541 2.5234 
 1603 15.0742 2.1619 2.393 
 1604 14.8959 2.33752 2.08856 
 1605 14.8955 2.33744 1.7779 
 1606 14.8959 2.3474 1.46671 
 1607 14.8959 2.3474 1.15576 
 1608 14.8959 2.3474 0.84121 
 1609 14.9056 2.36334 0.523947 
 1610 14.9429 2.38836 0.201589 
 1611 14.9826 2.39081 -0.11887 
 1612 15.012 2.38637 -0.430053 
 1613 15.0454 2.36473 -0.741988 
 1614 15.0727 2.31409 -1.04951 
 1615 15.1005 2.26134 -1.36531 
 1616 15.092 1.99366 -1.52153 
 1617 15.0945 1.93898 -1.20956 
 1618 15.1417 1.86478 -0.894031 
 1619 15.2248 1.79651 -0.58315 
 1620 15.3528 1.73719 -0.281722 
 1621 15.5879 1.70625 0.0253345 
 1622 15.8329 1.73649 0.328689 
 1623 16.0233 1.84413 0.637209 
 1624 16.1919 2.01088 0.947103 
 1625 16.3106 2.24859 1.25289 
 1626 16.3783 2.5406 1.44228 
 1627 16.4025 2.84877 1.527 
 1628 16.4098 3.15228 1.55961 
 1629 16.4118 3.46163 1.58804 
 1630 16.389 3.76364 1.69216 
 1631 16.3554 4.07098 1.65245 
 1632 16.3405 4.38017 1.60355 
 1633 16.3163 4.69738 1.75237 
 1634 16.2519 4.88416 2.0624 
 1635 16.1461 5.02821 2.37095 
 1636 15.9725 5.15229 2.68153 
 1637 15.6867 5.25289 2.90019 
 1638 15.3839 5.31491 2.96934 
 1639 15.0836 5.36173 2.99152 
 1640 14.7787 5.41537 2.94753 
 1641 14.4758 5.47393 2.96509 
 1642 14.1706 5.52105 3.00997 
 1643 13.8633 5.55855 3.03105 
 1644 13.5561 5.58991 3.04812 
 1645 13.2748 5.60997 2.72886 
 1646 13.2648 5.60997 2.4103 
 1647 13.2542 5.62343 2.0478 
 1648 13.2131 5.71108 1.73861 
 1649 13.211 5.81879 1.42778 
 1650 13.24 5.91969 1.10855 
 1651 13.3066 6.01668 0.789635 
 1652 13.422 6.09907 0.415433 
 1653 13.6164 6.14549 0.106988 
 1654 13.9253 6.17096 0.0775484 
 1655 14.2555 6.19324 0.0773412 
 1656 14.5295 6.18716 -0.227373 
 1657 14.6698 6.12774 -0.623176 
 1658 14.7643 6.04776 -0.942556 
 1659 14.909 5.76508 -1.13845 
 1660 15.0554 5.53412 -0.818149 
 1661 15.1691 5.43513 -0.516401 
 1662 15.4571 5.3303 -0.212889 
 1663 15.7616 5.28768 -0.0623717 
 1664 16.0625 5.30351 0.23135 
 1665 16.2301 5.38415 0.540134 
 1666 16.3784 5.50479 0.85087 
 1667 16.4989 5.70632 1.16487 
 1668 16.5622 5.93713 1.4673 
 1669 16.5666 6.24524 1.61965 
 1670 16.5517 6.5549 1.6084 
 1671 16.5314 6.8625 1.69502 
 1672 16.4825 7.0971 1.99813 
 1673 16.3968 7.24681 2.30453 
 1674 16.2503 7.36736 2.61653 
 1675 15.979 7.47647 2.90747 
 1676 15.6735 7.52433 3.0653 
 1677 15.3546 7.53589 3.14072 
 1678 15.0446 7.53334 -3.12399 
 1679 14.745 7.52829 -3.12387 
 1680 14.4256 7.5239 -3.12949 
 1681 14.1162 7.52108 -3.13569 
 1682 13.8066 7.51991 -3.13946 
 1683 13.5027 7.52015 3.13842 
 1684 13.1938 7.52138 3.13534 
 1685 12.891 7.52409 3.1325 
 1686 12.6 7.52768 3.13025 
 1687 12.2898 7.5316 3.12564 
 1688 11.9806 7.53666 3.12483 
 1689 11.6813 7.53775 -3.13733 
 1690 11.3618 7.5368 3.14117 
 1691 11.0482 7.53761 3.13554 
 1692 10.7488 7.54033 3.13122 
 1693 10.4302 7.54627 3.10435 
 1694 10.1219 7.56046 3.09098 
 1695 9.81378 7.57631 3.09201 
 1696 9.50545 7.59304 3.08581 
 1697 9.18126 7.60843 3.10467 
 1698 8.92041 7.61127 -2.86663 
 1699 8.89559 7.57986 -2.56359 
 1700 8.7634 7.46562 -2.24601 
 1701 8.67608 7.32234 -1.94083 
 1702 8.59879 7.01642 -1.68823 
 1703 8.60015 6.84219 -1.38786 
 1704 8.64887 6.69744 -1.08197 
 1705 8.78559 6.53757 -0.784326 
 1706 9.01798 6.34638 -0.578309 
 1707 9.27896 6.18822 -0.496971 
 1708 9.56227 6.06254 -0.320752 
 1709 9.85608 5.99229 -0.13885 
 1710 10.1746 5.9715 -0.000106459 
 1711 10.4876 5.98579 0.100911 
 1712 10.6015 5.99861 0.405668 
 1713 10.6009 5.99907 0.956479 
 1714 10.6016 5.98883 1.27416 
 1715 10.602 5.98883 1.58229 
 1716 10.602 5.97883 1.8956 
