 0 0 0 0.00295578 
 1 0.0416992 0.0436889 0.307565 
 2 0.0427371 0.0773556 0.613678 
 3 0.0179176 0.102981 0.925151 
 4 -0.0227995 0.119501 1.22961 
 5 -0.0571467 0.116055 1.53136 
 6 -0.0929167 0.111821 1.84587 
 7 -0.116766 0.0959543 2.17589 
 8 -0.123074 0.0607397 2.4906 
 9 -0.120114 0.0291065 2.80433 
 10 -0.116556 -0.0060295 3.11622 
 11 -0.111834 -0.041686 -2.85291 
 12 -0.136419 -0.0740088 -2.54025 
 13 -0.102179 -0.0997362 -2.23165 
 14 -0.0864157 -0.14242 -1.91407 
 15 -0.075898 -0.260504 -1.60833 
 16 -0.0290208 -0.372557 -1.29769 
 17 0.0393935 -0.456761 -0.994388 
 18 0.160432 -0.538686 -0.676429 
 19 0.374624 -0.6186 -0.373863 
 20 0.672778 -0.698641 -0.2576 
 21 0.976597 -0.719723 -0.0280826 
 22 1.28484 -0.752704 -0.126537 
 23 1.59274 -0.791728 -0.10233 
 24 1.90163 -0.768217 0.109072 
 25 2.19716 -0.679207 0.325218 
 26 2.47169 -0.527185 0.517308 
 27 2.54733 -0.530852 0.20303 
 28 2.54913 -0.56536 -0.102082 
 29 2.54322 -0.602532 -0.420798 
 30 2.5783 -0.664727 -0.728698 
 31 2.62613 -0.776791 -1.04489 
 32 2.64632 -0.908272 -1.36613 
 33 2.61808 -1.03212 -1.68101 
 34 2.53664 -1.19368 -1.99127 
 35 2.44697 -1.45673 -1.69114 
 36 2.48348 -1.4553 -1.37899 
 37 2.52784 -1.44269 -1.05589 
 38 2.54651 -1.40973 -0.731667 
 39 2.56629 -1.37903 -0.412721 
 40 2.57544 -1.34367 -0.0937962 
 41 2.56299 -1.307 0.227206 
 42 2.54924 -1.27321 0.54569 
 43 2.52556 -1.24539 0.864721 
 44 2.49437 -1.22641 1.18359 
 45 2.44855 -1.22815 1.50113 
 46 2.41218 -1.23143 1.82003 
 47 2.38851 -1.24604 2.1336 
 48 2.36121 -1.27006 2.46159 
 49 2.34297 -1.31193 2.7788 
 50 2.34559 -1.33773 3.10146 
 51 2.34998 -1.37411 -2.8617 
 52 2.37562 -1.41732 -2.5446 
 53 2.40072 -1.43391 -2.22536 
 54 2.43311 -1.45135 -1.90054 
 55 2.3859 -1.47215 -2.19724 
 56 2.27925 -1.52908 -2.51946 
 57 2.15818 -1.55135 -2.83072 
 58 2.01481 -1.51638 3.12925 
 59 1.73201 -1.43837 2.90775 
 60 1.42834 -1.37807 2.95779 
 61 1.15737 -1.3501 3.07308 
 62 0.890295 -1.35743 3.13378 
 63 0.591102 -1.35969 -3.13467 
 64 0.321284 -1.36878 -3.11115 
 65 0.0518252 -1.38116 -3.09755 
 66 -0.227809 -1.40965 -3.02895 
 67 -0.515637 -1.4529 -3.04824 
 68 -0.795223 -1.46595 -3.09405 
 69 -1.04406 -1.47721 -3.10631 
 70 -1.31507 -1.48782 -3.10423 
 71 -1.58151 -1.51436 -3.03664 
 72 -1.83518 -1.57088 -2.95244 
 73 -2.09726 -1.63084 -2.94896 
 74 -2.35645 -1.68523 -2.96486 
 75 -2.64202 -1.71699 -3.03413 
 76 -2.89341 -1.81047 -2.71994 
 77 -2.99261 -1.91701 -2.39653 
 78 -3.06755 -2.06925 -2.0816 
 79 -3.16062 -2.36484 -1.87234 
 80 -3.27128 -2.65278 -1.97118 
 81 -3.4312 -2.91769 -2.13391 
 82 -3.62023 -3.16312 -2.23103 
 83 -3.81857 -3.40084 -2.26574 
 84 -4.01898 -3.63635 -2.27499 
 85 -4.21753 -3.8729 -2.26385 
 86 -4.40531 -4.12154 -2.26047 
 87 -4.6144 -4.34827 -2.27385 
 88 -4.81101 -4.58702 -2.25268 
 89 -5.00457 -4.8388 -2.24703 
 90 -5.19822 -5.07738 -2.25411 
 91 -5.39392 -5.32783 -2.21725 
 92 -5.40024 -5.39399 -1.91379 
 93 -5.36628 -5.4006 -1.61181 
 94 -5.33109 -5.39658 -1.3061 
 95 -5.30837 -5.37192 -0.993008 
 96 -5.27171 -5.34784 -0.679303 
 97 -5.23102 -5.33371 -0.358396 
 98 -5.18618 -5.29962 -0.0525525 
 99 -5.15007 -5.27118 0.254284 
 100 -5.08036 -5.21556 0.559803 
 101 -5.01548 -5.09491 0.873991 
 102 -5.02004 -4.97552 1.20371 
 103 -5.00954 -4.74482 1.5046 
 104 -4.98123 -4.43494 1.51165 
 105 -4.95082 -4.13495 1.50389 
 106 -4.92796 -3.80642 1.4993 
 107 -4.90383 -3.49773 1.49181 
 108 -4.87829 -3.17987 1.48887 
 109 -4.83883 -2.87251 1.42359 
 110 -4.76953 -2.56968 1.30657 
 111 -4.68475 -2.30367 1.38675 
 112 -4.7097 -2.12979 1.69991 
 113 -4.76698 -2.06307 2.01037 
 114 -4.84285 -2.01579 2.33531 
 115 -4.92718 -1.99388 2.64007 
 116 -5.0341 -1.99376 2.94355 
 117 -5.04954 -1.9571 2.64126 
 118 -5.03769 -1.91876 2.32878 
 119 -5.0589 -1.94595 2.62279 
 120 -5.06145 -1.98877 2.93303 
 121 -5.06338 -2.02397 -3.04238 
 122 -5.05479 -2.04755 -2.73982 
 123 -5.02523 -2.07861 -2.4193 
 124 -4.99671 -2.10202 -2.10755 
 125 -4.96428 -2.11512 -1.79169 
 126 -4.92879 -2.12243 -1.47909 
 127 -4.89597 -2.13301 -1.16676 
 128 -4.81906 -2.16822 -0.858444 
 129 -4.70859 -2.21851 -0.550315 
 130 -4.5869 -2.2341 -0.245402 
 131 -4.44066 -2.21132 0.071714 
 132 -4.14147 -2.10263 0.359843 
 133 -4.01237 -2.08401 0.0535268 
 134 -4.03647 -2.1012 -0.26976 
 135 -4.03228 -2.15531 -0.598169 
 136 -4.02305 -2.19525 -0.913814 
 137 -4.02671 -2.26915 -1.24292 
 138 -4.03115 -2.39809 -1.56121 
 139 -4.09239 -2.51001 -1.87785 
 140 -4.16537 -2.60075 -2.19231 
 141 -4.28246 -2.66051 -2.50294 
 142 -4.55428 -2.78328 -2.72528 
 143 -4.83163 -2.93841 -2.58373 
 144 -5.05637 -3.13992 -2.38731 
 145 -5.26011 -3.37113 -2.28483 
 146 -5.45055 -3.60764 -2.24617 
 147 -5.64392 -3.85837 -2.24776 
 148 -5.84088 -4.08881 -2.26097 
 149 -6.03827 -4.3267 -2.25802 
 150 -6.23098 -4.5709 -2.25804 
 151 -6.42992 -4.80936 -2.26673 
 152 -6.63456 -5.04191 -2.26246 
 153 -6.82507 -5.27666 -2.25735 
 154 -7.03438 -5.50347 -2.33841 
 155 -7.28883 -5.69014 -2.5956 
 156 -7.58735 -5.77714 -2.88917 
 157 -7.89007 -5.83869 -2.9441 
 158 -8.21099 -5.89317 -2.96481 
 159 -8.34738 -5.95054 -2.65675 
 160 -8.35888 -5.92675 -2.96596 
 161 -8.35928 -5.8901 2.99425 
 162 -8.35853 -5.84495 2.68243 
 163 -8.33766 -5.81426 2.36353 
 164 -8.30849 -5.79177 2.05133 
 165 -8.27416 -5.77908 1.72359 
 166 -8.23809 -5.76807 1.40528 
 167 -8.21392 -5.77881 1.07686 
 168 -8.17503 -5.80066 0.759822 
 169 -8.14483 -5.81833 0.44466 
 170 -8.07154 -5.83648 0.125686 
 171 -8.0236 -5.87194 -0.192283 
 172 -7.99852 -5.92038 -0.503467 
 173 -7.94997 -6.02134 -0.840935 
 174 -7.89598 -6.13211 -1.14662 
 175 -7.8964 -6.26729 -1.4709 
 176 -7.93293 -6.56414 -1.69467 
 177 -7.98383 -6.86867 -1.72873 
 178 -8.00916 -7.1754 -1.61712 
 179 -7.98065 -7.48462 -1.45454 
 180 -7.90403 -7.71547 -1.15111 
 181 -7.8544 -7.73257 -0.840973 
 182 -7.74735 -7.76469 -0.522655 
 183 -7.6286 -7.77757 -0.221204 
 184 -7.51691 -7.75331 0.0815608 
 185 -7.38694 -7.68526 0.396276 
 186 -7.14399 -7.51787 0.577212 
 187 -6.86922 -7.37372 0.459636 
 188 -6.58543 -7.2643 0.384539 
 189 -6.30463 -7.13457 0.463323 
 190 -6.17689 -7.11778 0.148902 
 191 -6.02797 -7.15442 -0.177475 
 192 -5.85027 -7.25386 -0.480493 
 193 -5.57618 -7.39587 -0.456831 
 194 -5.27806 -7.50601 -0.354454 
 195 -4.98281 -7.6031 -0.311129 
 196 -4.69442 -7.69345 -0.311124 
 197 -4.38744 -7.78654 -0.306577 
 198 -4.29799 -7.86113 -0.629707 
 199 -4.25892 -7.96081 -0.945575 
 200 -4.23686 -8.0795 -1.26189 
 201 -4.25774 -8.17997 -1.5792 
 202 -4.30213 -8.28984 -1.89471 
 203 -4.33276 -8.27 -2.20472 
 204 -4.53765 -8.42898 -2.31138 
 205 -4.66217 -8.68624 -2.00479 
 206 -4.79257 -8.96568 -2.03401 
 207 -4.97077 -9.21812 -2.21354 
 208 -5.19261 -9.44571 -2.34994 
 209 -5.1968 -9.50763 -2.0499 
 210 -5.16366 -9.50884 -1.74479 
 211 -5.12758 -9.50943 -1.42972 
 212 -5.09365 -9.49909 -1.12002 
 213 -5.07125 -9.47354 -0.807406 
 214 -5.02045 -9.47904 -0.513241 
 215 -4.89783 -9.47592 -0.196549 
 216 -4.79055 -9.44755 0.116223 
 217 -4.68582 -9.38419 0.420383 
 218 -4.59446 -9.28364 0.735558 
 219 -4.51863 -9.14742 1.04036 
 220 -4.46686 -8.89181 1.34659 
 221 -4.43634 -8.58414 1.45696 
 222 -4.39191 -8.27442 1.4588 
 223 -4.36594 -7.96398 1.44996 
 224 -4.29791 -7.86057 1.14987 
 225 -4.21107 -7.78018 0.821503 
 226 -4.08795 -7.72994 0.498423 
 227 -3.93243 -7.71512 0.176994 
 228 -3.74241 -7.7458 -0.134619 
 229 -3.51321 -7.84302 -0.43632 
 230 -3.26409 -8.02814 -0.662568 
 231 -3.06692 -8.18055 -0.35681 
 232 -3.04981 -8.14598 -0.0485168 
 233 -3.06363 -8.1104 0.26692 
 234 -3.04972 -8.12787 -0.0543876 
 235 -3.06765 -8.18379 -0.375584 
 236 -3.0764 -8.20546 -0.693144 
 237 -3.10417 -8.23975 -1.02107 
 238 -3.13826 -8.26389 -1.33858 
 239 -3.17469 -8.27672 -1.65697 
 240 -3.21016 -8.26743 -1.97733 
 241 -3.24104 -8.24751 -2.29738 
 242 -3.27374 -8.21532 -2.61719 
 243 -3.34951 -8.21056 -2.93159 
 244 -3.43887 -8.18038 3.03144 
 245 -3.52218 -8.12144 2.71884 
 246 -3.60996 -8.0284 2.41798 
 247 -3.85789 -7.84385 2.57678 
 248 -4.13638 -7.74238 2.80094 
 249 -4.44147 -7.69029 3.00057 
 250 -4.7414 -7.66851 3.06906 
 251 -5.04664 -7.65886 3.12448 
 252 -5.35377 -7.67172 -3.08238 
 253 -5.65911 -7.70611 -3.0222 
 254 -5.96207 -7.75887 -2.96133 
 255 -6.25634 -7.82562 -2.92149 
 256 -6.55859 -7.89191 -2.93073 
 257 -6.85909 -7.95247 -2.94624 
 258 -7.16048 -8.01619 -2.92463 
 259 -7.46077 -8.08655 -2.91674 
 260 -7.75906 -8.15905 -2.8462 
 261 -7.98325 -8.29729 -2.54066 
 262 -8.07195 -8.4257 -2.23027 
 263 -8.10992 -8.56406 -1.92232 
 264 -8.1051 -8.71646 -1.62089 
 265 -8.1335 -8.84801 -1.93886 
 266 -8.16379 -8.82039 -2.24799 
 267 -8.18777 -8.80368 -2.56073 
 268 -8.21255 -8.7607 -2.8761 
 269 -8.21637 -8.74453 3.09307 
 270 -8.22251 -8.70434 2.78189 
 271 -8.24826 -8.65026 2.461 
 272 -8.30852 -8.54078 2.13693 
 273 -8.32084 -8.42015 1.82072 
 274 -8.29223 -8.26726 1.51345 
 275 -8.18535 -7.97544 1.26774 
 276 -8.08224 -7.67947 1.31628 
 277 -8.00375 -7.38297 1.36757 
 278 -7.98236 -7.07584 1.49176 
 279 -7.94351 -6.77234 1.43311 
 280 -7.8451 -6.47413 1.23887 
 281 -7.68248 -6.20893 0.999112 
 282 -7.47365 -5.97835 0.821386 
 283 -7.24052 -5.77011 0.717105 
 284 -6.9843 -5.59392 0.548878 
 285 -6.69643 -5.47908 0.369662 
 286 -6.40057 -5.39417 0.251546 
 287 -6.10805 -5.34783 0.144711 
 288 -5.81812 -5.31288 0.105305 
 289 -5.55485 -5.28629 0.0884005 
 290 -5.25522 -5.26117 0.0807637 
 291 -4.95415 -5.23957 0.0675519 
 292 -4.66278 -5.21904 0.0728993 
 293 -4.37056 -5.172 0.158423 
 294 -4.08101 -5.12862 0.13722 
 295 -3.78879 -5.10311 0.0704529 
 296 -3.47572 -5.09238 0.0353802 
 297 -3.16981 -5.08685 0.0194882 
 298 -2.86042 -5.08492 0.00665404 
 299 -2.55032 -5.08481 4.12658e-05 
 300 -2.24083 -5.08705 -0.00766712 
 301 -1.93677 -5.0915 -0.0149597 
 302 -1.62767 -5.0971 -0.0158439 
 303 -1.31747 -5.10019 -0.00728782 
 304 -1.00843 -5.10408 -0.0132459 
 305 -0.688392 -5.11037 -0.0207759 
 306 -0.379098 -5.11693 -0.0185587 
 307 -0.0691118 -5.12016 -0.00743686 
 308 0.239925 -5.12106 -0.00126484 
 309 0.550181 -5.12093 0.00149059 
 310 0.859369 -5.12075 0.00209731 
 311 1.17323 -5.12001 0.00275179 
 312 1.48275 -5.11323 0.02842 
 313 1.78468 -5.08171 0.13144 
 314 2.01762 -4.99645 0.428046 
 315 1.99708 -4.97575 0.756702 
 316 1.96836 -4.9536 1.06182 
 317 1.92392 -4.94096 1.3739 
 318 1.88861 -4.93927 1.69118 
 319 1.86185 -4.95395 2.0095 
 320 1.80278 -4.92803 2.32486 
 321 1.66127 -4.8993 2.65804 
 322 1.5383 -4.88169 2.96666 
 323 1.38133 -4.91523 -3.00311 
 324 1.1014 -4.99951 -2.87697 
 325 0.796301 -5.05569 -2.97656 
 326 0.475917 -5.07803 -3.07995 
 327 0.175919 -5.08462 -3.12129 
 328 -0.125112 -5.08883 -3.12858 
 329 -0.425042 -5.09059 -3.13653 
 330 -0.756015 -5.08961 3.13828 
 331 -1.04627 -5.08634 3.1337 
 332 -1.36877 -5.08049 3.11756 
 333 -1.68015 -5.07472 3.12842 
 334 -1.98293 -5.07292 3.13762 
 335 -2.29218 -5.07282 -3.14034 
 336 -2.59861 -5.07323 -3.13899 
 337 -2.90973 -5.07348 -3.13947 
 338 -3.22149 -5.0738 -3.13963 
 339 -3.52552 -5.07356 -3.14051 
 340 -3.8302 -5.07362 -3.14001 
 341 -4.14027 -5.07689 -3.12129 
 342 -4.4615 -5.0866 -3.11109 
 343 -4.78161 -5.10207 -3.0847 
 344 -5.08072 -5.14525 -2.97717 
 345 -5.38877 -5.21172 -2.92689 
 346 -5.69288 -5.27657 -2.93257 
 347 -5.9916 -5.32954 -2.96997 
 348 -6.29964 -5.36966 -3.02056 
 349 -6.6021 -5.41796 -2.96671 
 350 -6.89242 -5.51767 -2.76877 
 351 -7.16153 -5.69504 -2.54891 
 352 -7.38134 -5.8777 -2.43576 
 353 -7.60086 -6.09121 -2.36537 
 354 -7.80508 -6.33117 -2.29728 
 355 -7.99688 -6.57724 -2.24143 
 356 -8.17182 -6.82314 -2.1936 
 357 -8.34715 -7.07771 -2.17636 
 358 -8.5197 -7.33351 -2.17239 
 359 -8.69236 -7.59074 -2.16716 
 360 -8.86104 -7.83771 -2.16876 
 361 -9.03514 -8.09018 -2.17529 
 362 -9.20714 -8.34956 -2.17722 
 363 -9.38492 -8.60247 -2.18503 
 364 -9.56473 -8.85434 -2.19349 
 365 -9.7639 -9.08608 -2.30673 
 366 -10.021 -9.25977 -2.60925 
 367 -10.3185 -9.33195 -2.91339 
 368 -10.6153 -9.37155 -3.01885 
 369 -10.9236 -9.40057 -3.05362 
 370 -11.2258 -9.42613 -3.05394 
 371 -11.5332 -9.46602 -3.00232 
 372 -11.8379 -9.53397 -2.89475 
 373 -12.0746 -9.64931 -2.58867 
 374 -12.051 -9.67673 -2.27272 
 375 -12.0098 -9.68557 -1.95743 
 376 -11.9747 -9.69376 -1.6428 
 377 -11.9387 -9.69067 -1.32737 
 378 -11.8983 -9.69434 -1.02117 
 379 -11.8127 -9.75229 -0.693929 
 380 -11.6954 -9.77416 -0.390815 
 381 -11.5734 -9.77038 -0.0869842 
 382 -11.4437 -9.72644 0.221749 
 383 -11.1925 -9.58231 0.524132 
 384 -10.9233 -9.43557 0.468787 
 385 -10.6222 -9.35578 0.222818 
 386 -10.316 -9.3019 0.205686 
 387 -10.0357 -9.16898 0.49842 
 388 -9.8135 -8.97459 0.766625 
 389 -9.62888 -8.71821 0.93909 
 390 -9.45843 -8.4605 0.975941 
 391 -9.28819 -8.20367 0.977161 
 392 -9.1156 -7.94757 0.968058 
 393 -8.94151 -7.69266 0.962579 
 394 -8.76642 -7.44065 0.956363 
 395 -8.57976 -7.18953 0.948779 
 396 -8.4047 -6.93563 0.962696 
 397 -8.23285 -6.67833 0.985096 
 398 -8.06286 -6.42459 0.95075 
 399 -7.86044 -6.18893 0.843703 
 400 -7.63047 -5.97665 0.737414 
 401 -7.38552 -5.76428 0.731175 
 402 -7.20169 -5.51266 0.982849 
 403 -7.10024 -5.23491 1.27398 
 404 -7.0669 -4.93345 1.4898 
 405 -7.09143 -4.62381 1.63009 
 406 -7.11665 -4.32624 1.68942 
 407 -7.16183 -4.01992 1.72158 
 408 -7.20938 -3.72005 1.72778 
 409 -7.25716 -3.41396 1.72537 
 410 -7.30337 -3.10798 1.71929 
 411 -7.34808 -2.80127 1.7157 
 412 -7.3917 -2.49464 1.71228 
 413 -7.43408 -2.18795 1.70819 
 414 -7.47528 -1.88712 1.70711 
 415 -7.51709 -1.58035 1.70514 
 416 -7.55827 -1.278 1.70527 
 417 -7.60026 -0.970331 1.70658 
 418 -7.64074 -0.669475 1.70423 
 419 -7.68113 -0.354881 1.70265 
 420 -7.72844 -0.0474019 1.7368 
 421 -7.7141 0.0790633 1.42802 
 422 -7.68999 0.0685746 1.11637 
 423 -7.66989 0.0473179 0.791065 
 424 -7.66807 0.027406 0.467634 
 425 -7.62465 0.00272976 0.145003 
 426 -7.5446 -0.0339077 -0.176222 
 427 -7.50852 -0.0811298 -0.49703 
 428 -7.47526 -0.145618 -0.806903 
 429 -7.43646 -0.262033 -1.11489 
 430 -7.43357 -0.385199 -1.4261 
 431 -7.4684 -0.543172 -1.73482 
 432 -7.53611 -0.84577 -1.77562 
 433 -7.59406 -1.14375 -1.75988 
 434 -7.62449 -1.45136 -1.64278 
 435 -7.60956 -1.75472 -1.50516 
 436 -7.56689 -2.05701 -1.42449 
 437 -7.51659 -2.36089 -1.40707 
 438 -7.46473 -2.66579 -1.40284 
 439 -7.41443 -2.96459 -1.40484 
 440 -7.36462 -3.27202 -1.41154 
 441 -7.31893 -3.57954 -1.41782 
 442 -7.27289 -3.87962 -1.41957 
 443 -7.22657 -4.18612 -1.42142 
 444 -7.18501 -4.49125 -1.43567 
 445 -7.13853 -4.79286 -1.41861 
 446 -7.1025 -5.10071 -1.49166 
 447 -7.16742 -5.40575 -1.7903 
 448 -7.30374 -5.6823 -2.08777 
 449 -7.50237 -5.92801 -2.2964 
 450 -7.71527 -6.14422 -2.34558 
 451 -7.90742 -6.3837 -2.22099 
 452 -8.03227 -6.65679 -1.93752 
 453 -8.04113 -6.861 -1.62475 
 454 -7.98833 -7.02339 -1.30218 
 455 -7.8908 -7.16026 -0.988823 
 456 -7.74531 -7.25134 -0.683038 
 457 -7.5121 -7.32321 -0.372661 
 458 -7.2445 -7.36216 -0.0655171 
 459 -6.94127 -7.35099 0.0316573 
 460 -6.61935 -7.33564 0.0492156 
 461 -6.31751 -7.3251 0.0271094 
 462 -6.00223 -7.32351 0.000807553 
 463 -5.69092 -7.32485 -0.00742964 
 464 -5.37975 -7.32912 -0.0154899 
 465 -5.06545 -7.33575 -0.0230847 
 466 -4.75817 -7.3707 -0.133691 
 467 -4.45029 -7.41282 -0.136322 
 468 -4.14215 -7.45412 -0.133775 
 469 -3.82116 -7.49559 -0.13305 
 470 -3.5047 -7.53609 -0.131324 
 471 -3.19753 -7.56199 -0.0647982 
 472 -2.88576 -7.5944 -0.123992 
 473 -2.76719 -7.63806 -0.436645 
 474 -2.78619 -7.66672 -0.730936 
 475 -2.81252 -7.71737 -1.04212 
 476 -2.8078 -7.79237 -1.36581 
 477 -2.83776 -7.89125 -1.68303 
 478 -2.88948 -7.96173 -1.99879 
 479 -2.96934 -8.01658 -2.2981 
 480 -2.99472 -7.99218 -2.60236 
 481 -2.93051 -7.94039 -2.91124 
 482 -3.21834 -8.04408 -2.63179 
 483 -3.28996 -8.15035 -2.31862 
 484 -3.34016 -8.28758 -2.00291 
 485 -3.35696 -8.47303 -1.69913 
 486 -3.31507 -8.77262 -1.43758 
 487 -3.21193 -9.01468 -1.12876 
 488 -3.0761 -9.15281 -0.809708 
 489 -2.91438 -9.24366 -0.500478 
 490 -2.65749 -9.29728 -0.190206 
 491 -2.35106 -9.30423 -0.0142264 
 492 -2.04216 -9.28726 0.0615444 
 493 -1.73591 -9.27085 0.0473966 
 494 -1.41894 -9.26442 0.0189231 
 495 -1.1069 -9.26332 -0.00246072 
 496 -1.05841 -9.29837 -0.307454 
 497 -1.07361 -9.32924 -0.607767 
 498 -1.08836 -9.35511 -0.920125 
 499 -1.12119 -9.37255 -1.24484 
 500 -1.15549 -9.3997 -1.56966 
 501 -1.1945 -9.43033 -1.89018 
 502 -1.24595 -9.45972 -2.2065 
 503 -1.35319 -9.51693 -2.5177 
 504 -1.47796 -9.53942 -2.82293 
 505 -1.60001 -9.52675 -3.12576 
 506 -1.78088 -9.46655 2.85119 
 507 -2.0717 -9.38621 2.89333 
 508 -2.38378 -9.33269 2.97976 
 509 -2.67997 -9.29737 2.97569 
 510 -2.98917 -9.17554 2.71977 
 511 -3.151 -9.03186 2.40838 
 512 -3.2653 -8.82465 2.09675 
 513 -3.34273 -8.55208 1.78623 
 514 -3.37863 -8.24434 1.70059 
 515 -3.45637 -7.99586 1.99858 
 516 -3.58028 -7.86416 2.3064 
 517 -3.74341 -7.77459 2.61287 
 518 -4.04037 -7.68826 2.88785 
 519 -4.34761 -7.67205 3.08022 
 520 -4.67938 -7.68187 -3.09704 
 521 -4.99692 -7.69141 -3.11102 
 522 -5.31475 -7.69885 -3.1189 
 523 -5.62176 -7.70646 -3.10756 
 524 -5.91375 -7.73938 -3.02502 
 525 -6.21683 -7.78713 -2.98202 
 526 -6.52331 -7.83965 -2.9752 
 527 -6.82679 -7.89897 -2.93068 
 528 -7.12169 -7.9714 -2.90578 
 529 -7.42425 -8.03445 -2.94398 
 530 -7.72272 -8.09967 -2.90832 
 531 -8.00567 -8.21543 -2.66364 
 532 -8.1643 -8.38243 -2.35514 
 533 -8.27291 -8.57871 -2.04784 
 534 -8.36484 -8.87456 -1.86221 
 535 -8.43869 -9.18848 -1.81326 
 536 -8.50504 -9.49026 -1.78345 
 537 -8.56512 -9.80317 -1.76254 
 538 -8.61864 -10.102 -1.74552 
 539 -8.67059 -10.4072 -1.73851 
 540 -8.72281 -10.7149 -1.74281 
 541 -8.78338 -11.0161 -1.77513 
 542 -8.8522 -11.3199 -1.79524 
 543 -8.92424 -11.6281 -1.80859 
 544 -9.00119 -11.9263 -1.82578 
 545 -9.08663 -12.2245 -1.85942 
 546 -9.13709 -12.2748 -2.18113 
 547 -9.17303 -12.2497 -2.49606 
 548 -9.18998 -12.2178 -2.812 
 549 -9.19616 -12.1817 -3.13153 
 550 -9.19623 -12.1439 2.82903 
 551 -9.21773 -12.092 2.50713 
 552 -9.26905 -11.993 2.20531 
 553 -9.29214 -11.8695 1.8717 
 554 -9.27514 -11.7371 1.55419 
 555 -9.21781 -11.6149 1.23534 
 556 -9.03565 -11.3623 0.963235 
 557 -8.87904 -11.0992 1.05754 
 558 -8.75423 -10.815 1.16698 
 559 -8.65064 -10.5242 1.22951 
 560 -8.5534 -10.2215 1.25584 
 561 -8.45877 -9.92635 1.26307 
 562 -8.38194 -9.62692 1.34309 
 563 -8.34459 -9.31951 1.46019 
 564 -8.32283 -9.01133 1.50047 
 565 -8.28124 -8.70365 1.40221 
 566 -8.16522 -8.43259 1.09693 
 567 -8.02746 -8.29879 0.783349 
 568 -7.84408 -8.20741 0.473445 
 569 -7.54418 -8.13391 0.210668 
 570 -7.23072 -8.07823 0.174512 
 571 -6.93617 -8.0319 0.151451 
 572 -6.62066 -7.98801 0.139194 
 573 -6.31465 -7.9446 0.143681 
 574 -6.01372 -7.87611 0.242742 
 575 -5.72658 -7.79038 0.287328 
 576 -5.43506 -7.70013 0.300069 
 577 -5.12358 -7.64384 0.151213 
 578 -4.80631 -7.63757 0.00982485 
 579 -4.50256 -7.63634 0.00257977 
 580 -4.19396 -7.63661 -0.00259534 
 581 -3.89032 -7.63922 -0.00903093 
 582 -3.58032 -7.64181 -0.00809739 
 583 -3.26725 -7.64341 -0.00106482 
 584 -2.94771 -7.64367 -0.00290794 
 585 -2.62806 -7.64515 -0.00282591 
 586 -2.32846 -7.64899 -0.0146832 
 587 -2.02531 -7.65467 -0.0187745 
 588 -1.72373 -7.6589 -0.0126343 
 589 -1.39613 -7.66162 -0.00808293 
 590 -1.10266 -7.66304 -0.00470385 
 591 -0.793318 -7.66632 -0.0117769 
 592 -0.479757 -7.67191 -0.0193612 
 593 -0.176239 -7.67948 -0.0257984 
 594 0.13004 -7.6888 -0.0335525 
 595 0.348208 -7.66125 0.281096 
 596 0.333666 -7.62975 0.583937 
 597 0.309451 -7.60327 0.897286 
 598 0.280413 -7.58091 1.21293 
 599 0.246666 -7.5247 1.52231 
 600 0.197807 -7.48005 1.82268 
 601 0.15511 -7.45536 2.13035 
 602 0.0723623 -7.40856 2.43106 
 603 -0.0510646 -7.3723 2.74877 
 604 -0.220307 -7.3674 3.05842 
 605 -0.530234 -7.3886 -3.07338 
 606 -0.838692 -7.41077 -3.07396 
 607 -1.1477 -7.42813 -3.08633 
 608 -1.45131 -7.43136 -3.1273 
 609 -1.75619 -7.43402 -3.13391 
 610 -2.06061 -7.43581 3.10725 
 611 -2.36742 -7.42506 3.10883 
 612 -2.67386 -7.41917 3.12536 
 613 -2.98053 -7.41726 3.13232 
 614 -3.29922 -7.41235 3.12464 
 615 -3.60853 -7.40674 3.12464 
 616 -3.90999 -7.40352 3.13574 
 617 -4.21102 -7.40116 3.13149 
 618 -4.52427 -7.39618 3.12812 
 619 -4.83297 -7.39415 3.14077 
 620 -5.14191 -7.39568 -3.13764 
 621 -5.44935 -7.39479 3.13722 
 622 -5.75802 -7.39151 3.12945 
 623 -6.06528 -7.38564 3.12281 
 624 -6.37673 -7.37146 3.13275 
 625 -6.67903 -7.36681 3.12462 
 626 -6.98701 -7.36009 3.12195 
 627 -7.29324 -7.36243 3.10971 
 628 -7.59571 -7.30858 2.92835 
 629 -7.87658 -7.17811 2.66929 
 630 -8.12973 -6.99068 2.47385 
 631 -8.34703 -6.77104 2.37599 
 632 -8.55951 -6.55768 2.36265 
 633 -8.77543 -6.345 2.37017 
 634 -8.99168 -6.13471 2.37384 
 635 -9.21138 -5.9255 2.3839 
 636 -9.43014 -5.71913 2.38756 
 637 -9.65324 -5.51062 2.39034 
 638 -9.87337 -5.30336 2.38432 
 639 -10.0904 -5.09077 2.36544 
 640 -10.3015 -4.87175 2.33201 
 641 -10.5082 -4.64067 2.29702 
 642 -10.7098 -4.40417 2.27706 
 643 -10.8988 -4.17116 2.25199 
 644 -11.0864 -3.92246 2.21176 
 645 -11.2361 -3.64455 1.98629 
 646 -11.3293 -3.38287 2.28276 
 647 -11.3425 -3.41047 2.60137 
 648 -11.3559 -3.44407 2.91773 
 649 -11.3581 -3.48165 -3.03654 
 650 -11.3568 -3.52229 -2.72364 
 651 -11.3677 -3.57709 -2.41827 
 652 -11.389 -3.66054 -2.10717 
 653 -11.4007 -3.77693 -1.80224 
 654 -11.3743 -3.9019 -1.48024 
 655 -11.3136 -3.99779 -1.17486 
 656 -11.2248 -4.09626 -0.861009 
 657 -10.9813 -4.2767 -0.634028 
 658 -10.7366 -4.45888 -0.654306 
 659 -10.505 -4.65471 -0.705669 
 660 -10.2734 -4.85897 -0.725442 
 661 -10.0427 -5.05902 -0.708067 
 662 -9.80395 -5.25047 -0.661272 
 663 -9.53596 -5.41023 -0.503191 
 664 -9.2438 -5.51374 -0.322677 
 665 -8.94505 -5.59235 -0.248311 
 666 -8.64884 -5.65908 -0.219402 
 667 -8.34688 -5.70196 -0.125299 
 668 -8.03961 -5.74245 -0.148274 
 669 -7.735 -5.80146 -0.179012 
 670 -7.45898 -5.78711 0.123919 
 671 -7.25201 -5.68405 0.425204 
 672 -6.97604 -5.51804 0.447872 
 673 -6.66657 -5.43991 0.212404 
 674 -6.35664 -5.42229 0.0419263 
 675 -6.03276 -5.42336 -0.00265505 
 676 -5.74795 -5.42604 -0.0103114 
 677 -5.48432 -5.42989 -0.0123806 
 678 -5.18969 -5.43183 -0.00489863 
 679 -4.92563 -5.43484 -0.0116209 
 680 -4.6047 -5.43915 -0.01329 
 681 -4.3109 -5.4415 -0.00792759 
 682 -4.00993 -5.44251 -0.00315615 
 683 -3.68968 -5.44245 -0.000202545 
 684 -3.36877 -5.44198 0.00105807 
 685 -3.06511 -5.44155 0.00137951 
 686 -2.75482 -5.44099 0.0013628 
 687 -2.44556 -5.44078 0.000333314 
 688 -2.13567 -5.44034 0.000986752 
 689 -1.82641 -5.44115 -0.00458349 
 690 -1.51634 -5.44445 -0.0118913 
 691 -1.2135 -5.4475 -0.00890942 
 692 -0.893411 -5.44873 -0.00555011 
 693 -0.600149 -5.45231 -0.0133286 
 694 -0.280055 -5.4559 -0.0107137 
 695 0.018798 -5.45729 -0.00385286 
 696 0.338909 -5.45721 0.000646989 
 697 0.647947 -5.45668 0.00174326 
 698 0.957736 -5.4562 0.00142027 
 699 1.27692 -5.45677 -0.000184255 
 700 1.58661 -5.45884 -0.00776105 
 701 1.88969 -5.46227 -0.011313 
 702 2.18971 -5.46133 -0.0118052 
 703 2.50261 -5.50252 -0.136988 
 704 2.66378 -5.55685 -0.439398 
 705 2.65372 -5.58655 -0.75147 
 706 2.62472 -5.61909 -1.07163 
 707 2.59031 -5.63132 -1.39028 
 708 2.55352 -5.64211 -1.70789 
 709 2.51161 -5.63928 -2.0276 
 710 2.43406 -5.69074 -2.34278 
 711 2.3088 -5.7441 -2.66071 
 712 2.18496 -5.73971 -2.97495 
 713 2.05907 -5.70546 2.98556 
 714 1.7794 -5.5922 2.791 
 715 1.49324 -5.51795 2.92234 
 716 1.19593 -5.48848 3.0571 
 717 0.881528 -5.48347 3.13264 
 718 0.582472 -5.4881 -3.12697 
 719 0.262327 -5.49252 -3.12983 
 720 -0.0509575 -5.49438 -3.13666 
 721 -0.365063 -5.49549 -3.13912 
 722 -0.648071 -5.49619 3.13978 
 723 -0.918387 -5.49561 3.13796 
 724 -1.20207 -5.4949 3.13775 
 725 -1.48899 -5.49413 -3.13764 
 726 -1.79618 -5.49435 3.13946 
 727 -2.10112 -5.4822 3.13585 
 728 -2.41124 -5.47838 3.126 
 729 -2.71603 -5.47486 3.13047 
 730 -3.02601 -5.47448 3.14038 
 731 -3.34121 -5.46621 -3.13681 
 732 -3.65117 -5.46886 -3.1343 
 733 -3.96196 -5.4715 -3.13457 
 734 -4.26598 -5.47348 -3.13801 
 735 -4.57053 -5.47298 3.13701 
 736 -4.88483 -5.45974 3.12838 
 737 -5.19294 -5.45542 3.1277 
 738 -5.49634 -5.45137 3.12479 
 739 -5.80587 -5.45189 -3.13851 
 740 -6.1082 -5.45565 -3.13201 
 741 -6.41484 -5.45431 3.12808 
 742 -6.71496 -5.4593 -3.10917 
 743 -7.00779 -5.53741 -2.82756 
 744 -7.28436 -5.63273 -2.87109 
 745 -7.59751 -5.67665 -3.00913 
 746 -7.90381 -5.71206 -3.0356 
 747 -8.2155 -5.70776 3.08028 
 748 -8.52069 -5.67084 3.01408 
 749 -8.82552 -5.62794 3.00176 
 750 -9.12376 -5.57847 2.95936 
 751 -9.42163 -5.49443 2.84381 
 752 -9.71225 -5.35597 2.69542 
 753 -9.96917 -5.19722 2.56539 
 754 -10.2108 -5.00572 2.45812 
 755 -10.4392 -4.79607 2.3963 
 756 -10.6598 -4.57871 2.36072 
 757 -10.8724 -4.34351 2.32165 
 758 -11.08 -4.11359 2.30094 
 759 -11.2746 -3.87361 2.23299 
 760 -11.4509 -3.62317 2.17477 
 761 -11.5994 -3.34921 2.03806 
 762 -11.658 -3.071 1.71432 
 763 -11.6242 -2.91667 1.41133 
 764 -11.5416 -2.75908 1.10734 
 765 -11.3835 -2.59735 0.80182 
 766 -11.1368 -2.41587 0.622913 
 767 -10.8721 -2.24708 0.552988 
 768 -10.8623 -2.20325 0.881083 
 769 -10.8951 -2.18429 1.212 
 770 -10.9311 -2.17705 1.53309 
 771 -10.9676 -2.19153 1.85341 
 772 -10.9996 -2.20646 2.16514 
 773 -11.0257 -2.23084 2.47027 
 774 -11.043 -2.26106 2.78108 
 775 -11.1925 -2.27179 3.09529 
 776 -11.281 -2.31681 -2.88643 
 777 -11.3695 -2.38576 -2.55505 
 778 -11.4213 -2.48602 -2.24333 
 779 -11.4771 -2.64567 -1.94108 
 780 -11.542 -2.94674 -1.82496 
 781 -11.5852 -3.25171 -1.65505 
 782 -11.5337 -3.50394 -1.3428 
 783 -11.388 -3.76563 -1.04232 
 784 -11.1998 -4.00712 -0.895918 
 785 -11.002 -4.2302 -0.83869 
 786 -10.7972 -4.45189 -0.821795 
 787 -10.5873 -4.67527 -0.812628 
 788 -10.375 -4.89851 -0.803654 
 789 -10.1651 -5.11387 -0.791306 
 790 -9.94983 -5.33058 -0.781109 
 791 -9.73334 -5.54118 -0.764065 
 792 -9.50844 -5.75212 -0.745061 
 793 -9.26962 -5.95854 -0.726602 
 794 -9.04499 -6.15923 -0.723846 
 795 -8.81916 -6.36085 -0.716428 
 796 -8.59146 -6.56204 -0.711452 
 797 -8.36015 -6.76353 -0.706671 
 798 -8.13462 -6.96424 -0.721091 
 799 -7.89251 -7.14582 -0.605778 
 800 -7.64042 -7.278 -0.399447 
 801 -7.33905 -7.34263 -0.169888 
 802 -7.01453 -7.3569 -0.0353412 
 803 -6.71487 -7.35233 0.0171979 
 804 -6.40053 -7.34478 0.0227708 
 805 -6.09678 -7.33953 0.0149155 
 806 -5.78331 -7.33634 0.00811648 
 807 -5.48245 -7.33488 0.00369522 
 808 -5.16818 -7.33398 0.00223205 
 809 -4.86496 -7.33301 0.00324655 
 810 -4.56102 -7.33193 0.00292978 
 811 -4.25472 -7.33086 0.00306594 
 812 -3.95279 -7.32942 0.00397365 
 813 -3.63871 -7.32795 0.00414072 
 814 -3.31783 -7.32622 0.00509319 
 815 -3.00372 -7.32496 0.0033892 
 816 -2.68371 -7.32577 -0.00347808 
 817 -2.39989 -7.33074 -0.0237955 
 818 -2.08039 -7.34448 -0.0424621 
 819 -1.78095 -7.35466 -0.0290805 
 820 -1.47136 -7.35867 -0.0107989 
 821 -1.17823 -7.35865 0.00136109 
 822 -0.858538 -7.35723 0.00494597 
 823 -0.543429 -7.35638 0.00122305 
 824 -0.241323 -7.358 -0.0066552 
 825 0.0588703 -7.36176 -0.0135717 
 826 0.359423 -7.36769 -0.0207495 
 827 0.668501 -7.37622 -0.02891 
 828 0.981333 -7.38726 -0.0330523 
 829 1.29132 -7.39891 -0.0395287 
 830 1.58941 -7.42542 -0.0833578 
 831 1.89712 -7.45687 -0.0993837 
 832 2.19898 -7.48843 -0.112031 
 833 2.51554 -7.54136 -0.182303 
 834 2.60392 -7.5223 0.12991 
 835 2.59344 -7.48718 0.446497 
 836 2.57182 -7.45631 0.775699 
 837 2.54416 -7.44555 1.08081 
 838 2.50949 -7.43368 1.39728 
 839 2.46187 -7.4333 1.72246 
 840 2.42388 -7.44181 2.03647 
 841 2.34946 -7.39653 2.35614 
 842 2.22432 -7.36269 2.66456 
 843 2.09893 -7.35559 2.99444 
 844 1.8797 -7.39646 -2.98574 
 845 1.57636 -7.46093 -2.93801 
 846 1.28595 -7.50405 -3.02051 
 847 0.967302 -7.518 -3.10704 
 848 0.64734 -7.52437 -3.12233 
 849 0.348407 -7.52843 -3.12598 
 850 0.0445514 -7.53125 -3.13344 
 851 -0.269029 -7.52832 3.11988 
 852 -0.562872 -7.51748 3.10327 
 853 -0.875821 -7.5068 3.10942 
 854 -1.17967 -7.50161 3.12685 
 855 -1.48272 -7.50079 3.14 
 856 -1.78675 -7.50162 -3.13997 
 857 -2.08995 -7.50011 3.13177 
 858 -2.39464 -7.4999 -3.138 
 859 -2.71281 -7.50122 -3.1356 
 860 -3.01684 -7.50118 3.14047 
 861 -3.32002 -7.49887 3.13283 
 862 -3.62393 -7.49448 3.12694 
 863 -3.92267 -7.49133 3.13265 
 864 -4.24256 -7.49048 3.13997 
 865 -4.54558 -7.49149 -3.13787 
 866 -4.85492 -7.48703 3.12206 
 867 -5.16362 -7.4792 3.11574 
 868 -5.46719 -7.46916 3.10803 
 869 -5.77592 -7.45686 3.10128 
 870 -6.07954 -7.44425 3.09918 
 871 -6.38819 -7.42393 3.06313 
 872 -6.68975 -7.39078 3.03331 
 873 -6.99772 -7.36167 3.05791 
 874 -7.30685 -7.33128 3.03449 
 875 -7.60849 -7.26112 2.88127 
 876 -7.89736 -7.12551 2.66133 
 877 -8.14892 -6.94494 2.50513 
 878 -8.38806 -6.74859 2.4555 
 879 -8.6258 -6.552 2.45143 
 880 -8.86005 -6.3593 2.45386 
 881 -9.0972 -6.16994 2.46688 
 882 -9.34039 -5.97774 2.47216 
 883 -9.58553 -5.78712 2.4809 
 884 -9.82637 -5.60067 2.4828 
 885 -10.0684 -5.4167 2.49398 
 886 -10.3154 -5.23137 2.49954 
 887 -10.5585 -5.04889 2.4983 
 888 -10.8052 -4.86305 2.49681 
 889 -11.0535 -4.67482 2.48923 
 890 -11.297 -4.49629 2.51562 
 891 -11.5504 -4.33367 2.58083 
 892 -11.834 -4.19969 2.77806 
 893 -12.0419 -4.18521 3.08006 
 894 -12.2154 -4.23432 -2.89603 
 895 -12.3763 -4.33887 -2.58357 
 896 -12.4776 -4.48099 -2.26884 
 897 -12.5822 -4.72908 -1.96056 
 898 -12.6668 -5.02677 -1.84199 
 899 -12.736 -5.32776 -1.79519 
 900 -12.7973 -5.63123 -1.76597 
 901 -12.8401 -5.93141 -1.6994 
 902 -12.8591 -6.23406 -1.62458 
 903 -12.8605 -6.54524 -1.56724 
 904 -12.8929 -6.69664 -1.87595 
 905 -12.9287 -6.68795 -2.22521 
 906 -12.9544 -6.66052 -2.55678 
 907 -12.9792 -6.62838 -2.86519 
 908 -12.9834 -6.59289 3.11286 
 909 -12.983 -6.562 2.78695 
 910 -13.0171 -6.50448 2.47097 
 911 -13.08 -6.38592 2.15284 
 912 -13.0976 -6.26454 1.84341 
 913 -13.0679 -6.14277 1.52269 
 914 -13.0171 -6.0147 1.2219 
 915 -12.8695 -5.73613 1.10291 
 916 -12.7573 -5.46447 1.21392 
 917 -12.6769 -5.15586 1.3334 
 918 -12.6312 -4.84928 1.41913 
 919 -12.5264 -4.55107 1.15122 
 920 -12.3997 -4.38853 0.849507 
 921 -12.2673 -4.33176 0.531911 
 922 -12.0764 -4.29741 0.220823 
 923 -11.7678 -4.28837 -0.0122071 
 924 -11.4646 -4.35502 -0.246538 
 925 -11.1749 -4.47199 -0.41416 
 926 -10.9078 -4.61751 -0.510894 
 927 -10.64 -4.77725 -0.536122 
 928 -10.376 -4.93706 -0.543003 
 929 -10.1161 -5.09451 -0.547237 
 930 -9.85325 -5.259 -0.555608 
 931 -9.58905 -5.41338 -0.51876 
 932 -9.31013 -5.53634 -0.388012 
 933 -9.01194 -5.61934 -0.260211 
 934 -8.71588 -5.68783 -0.220947 
 935 -8.41571 -5.73676 -0.132649 
 936 -8.10901 -5.76187 -0.0955939 
 937 -7.79278 -5.80925 -0.156548 
 938 -7.50054 -5.83269 0.0213991 
 939 -7.27949 -5.76288 0.320281 
 940 -7.00127 -5.62064 0.415265 
 941 -6.70715 -5.54863 0.202407 
 942 -6.39889 -5.52687 0.0630227 
 943 -6.0873 -5.51997 0.0216734 
 944 -5.79019 -5.519 0.00472424 
 945 -5.48205 -5.51981 -0.00257846 
 946 -5.19508 -5.52259 -0.00911137 
 947 -4.90715 -5.52763 -0.0160911 
 948 -4.566 -5.53239 -0.012122 
 949 -4.23288 -5.53583 -0.0129934 
 950 -3.93159 -5.54199 -0.0208451 
 951 -3.64935 -5.53981 0.0130687 
 952 -3.34758 -5.53492 0.0136664 
 953 -3.04529 -5.53218 0.006072 
 954 -2.73942 -5.53167 -0.00120297 
 955 -2.43657 -5.53373 -0.00777889 
 956 -2.12853 -5.53608 -0.00766031 
 957 -1.82635 -5.53823 -0.00651519 
 958 -1.52293 -5.54046 -0.00709644 
 959 -1.21347 -5.54238 -0.00660514 
 960 -0.910536 -5.54414 -0.00588768 
 961 -0.600945 -5.54587 -0.00541738 
 962 -0.298247 -5.54803 -0.00691723 
 963 0.0113617 -5.55008 -0.00617488 
 964 0.324133 -5.55173 -0.00518636 
 965 0.633808 -5.54683 0.021671 
 966 0.942991 -5.53724 0.035715 
 967 1.24622 -5.52483 0.0422047 
 968 1.56554 -5.52585 -0.0213583 
 969 1.87303 -5.54993 -0.0764347 
 970 2.16975 -5.5482 0.014759 
 971 2.4674 -5.53687 -0.0102199 
 972 2.78917 -5.61399 -0.263592 
 973 3.0872 -5.70983 -0.287657 
 974 3.3616 -5.78255 -0.240583 
 975 3.66836 -5.8342 -0.129941 
 976 3.85218 -5.80126 0.167055 
 977 3.98591 -5.719 0.488143 
 978 4.07881 -5.58912 0.800005 
 979 4.15427 -5.4334 1.11253 
 980 4.19912 -5.17421 1.41262 
 981 4.20204 -4.86343 1.57369 
 982 4.18339 -4.55791 1.63637 
 983 4.20035 -4.29519 1.31966 
 984 4.2349 -4.31046 0.993175 
 985 4.26128 -4.32415 0.687274 
 986 4.28938 -4.36504 0.371318 
 987 4.29708 -4.39051 0.0508892 
 988 4.29365 -4.4248 -0.249872 
 989 4.30159 -4.47351 -0.572919 
 990 4.35193 -4.55263 -0.874742 
 991 4.38299 -4.67151 -1.19296 
 992 4.37621 -4.80489 -1.5056 
 993 4.32735 -4.96138 -1.81363 
 994 4.2122 -5.24385 -1.94425 
 995 4.07738 -5.52801 -2.01797 
 996 3.90621 -5.74918 -2.33081 
 997 3.77306 -5.81242 -2.64061 
 998 3.57072 -5.83506 -2.94667 
 999 3.25726 -5.84853 -3.12104 
 1000 3.01566 -5.77461 2.86807 
 1001 2.73908 -5.63448 2.67873 
 1002 2.44649 -5.54327 2.84365 
 1003 2.14178 -5.4919 2.99383 
 1004 1.83949 -5.47454 3.09468 
 1005 1.51075 -5.48238 -3.11387 
 1006 1.20814 -5.49192 -3.10926 
 1007 0.88994 -5.4996 -3.12132 
 1008 0.589621 -5.50335 -3.12926 
 1009 0.296103 -5.50355 3.13865 
 1010 -0.0221528 -5.50033 3.1339 
 1011 -0.305835 -5.49638 3.12515 
 1012 -0.59389 -5.49225 3.12956 
 1013 -0.913367 -5.48942 3.13337 
 1014 -1.21478 -5.48712 3.13417 
 1015 -1.51289 -5.48507 3.13532 
 1016 -1.8147 -5.48371 3.13664 
 1017 -2.12128 -5.48189 3.13585 
 1018 -2.42274 -5.48027 3.13644 
 1019 -2.72668 -5.47846 3.13696 
 1020 -3.03031 -5.47648 3.13628 
 1021 -3.32779 -5.47491 3.13745 
 1022 -3.63351 -5.47319 3.13706 
 1023 -3.94057 -5.47171 3.13779 
 1024 -4.24852 -5.47108 3.13851 
 1025 -4.55145 -5.47539 -3.1199 
 1026 -4.86065 -5.48397 -3.11745 
 1027 -5.16858 -5.48998 -3.12482 
 1028 -5.47114 -5.49355 -3.13239 
 1029 -5.77544 -5.49489 -3.13955 
 1030 -6.08964 -5.4841 3.13567 
 1031 -6.3987 -5.49191 3.12738 
 1032 -6.70473 -5.47372 3.13916 
 1033 -6.95645 -5.54119 -2.84595 
 1034 -7.24803 -5.65821 -2.83838 
 1035 -7.55521 -5.70466 -3.00643 
 1036 -7.86192 -5.73802 -3.03659 
 1037 -8.1751 -5.72616 3.06641 
 1038 -8.48269 -5.68792 3.01246 
 1039 -8.78067 -5.63865 2.96394 
 1040 -9.08034 -5.55771 2.86235 
 1041 -9.37551 -5.4643 2.82879 
 1042 -9.65857 -5.33688 2.69206 
 1043 -9.92291 -5.16511 2.55581 
 1044 -10.1674 -4.97442 2.4664 
 1045 -10.3975 -4.77718 2.42892 
 1046 -10.622 -4.57292 2.40515 
 1047 -10.8478 -4.35932 2.38185 
 1048 -11.0705 -4.14192 2.36444 
 1049 -11.2832 -3.92813 2.35093 
 1050 -11.4951 -3.70297 2.32616 
 1051 -11.7 -3.47944 2.30833 
 1052 -11.9008 -3.25334 2.29408 
 1053 -12.0962 -3.02042 2.26838 
 1054 -12.2904 -2.78398 2.25661 
 1055 -12.4742 -2.54687 2.22511 
 1056 -12.6285 -2.28958 2.08299 
 1057 -12.7415 -1.99069 1.92259 
 1058 -12.8323 -1.69417 1.86719 
 1059 -12.9211 -1.39798 1.86318 
 1060 -13.0131 -1.10236 1.87659 
 1061 -13.1053 -0.803474 1.87849 
 1062 -13.1932 -0.642016 2.18165 
 1063 -13.2191 -0.676923 2.49487 
 1064 -13.2359 -0.708432 2.80679 
 1065 -13.2423 -0.744194 3.12398 
 1066 -13.2275 -0.779172 -2.85134 
 1067 -13.2304 -0.814841 -2.53917 
 1068 -13.2663 -0.907217 -2.22738 
 1069 -13.2938 -1.01494 -1.92221 
 1070 -13.284 -1.1356 -1.61354 
 1071 -13.2389 -1.2501 -1.31205 
 1072 -13.1314 -1.40348 -1.00552 
 1073 -12.9446 -1.65074 -0.946865 
 1074 -12.8026 -1.92726 -1.12529 
 1075 -12.6919 -2.21094 -1.19058 
 1076 -12.5557 -2.48944 -1.0968 
 1077 -12.3893 -2.74309 -0.974007 
 1078 -12.1947 -2.98347 -0.881609 
 1079 -11.9922 -3.20949 -0.837696 
 1080 -11.7853 -3.43087 -0.820046 
 1081 -11.5773 -3.65122 -0.815197 
 1082 -11.368 -3.87117 -0.809023 
 1083 -11.1525 -4.09303 -0.802427 
 1084 -10.938 -4.30695 -0.78255 
 1085 -10.7179 -4.50548 -0.759325 
 1086 -10.4899 -4.72444 -0.741677 
 1087 -10.2585 -4.92167 -0.703472 
 1088 -10.0186 -5.11056 -0.659664 
 1089 -9.76681 -5.29435 -0.616322 
 1090 -9.50446 -5.44022 -0.485306 
 1091 -9.21059 -5.53907 -0.306131 
 1092 -8.91651 -5.61399 -0.244015 
 1093 -8.61458 -5.67972 -0.212809 
 1094 -8.31819 -5.73283 -0.176316 
 1095 -8.01959 -5.78539 -0.174367 
 1096 -7.7191 -5.83077 -0.124814 
 1097 -7.48265 -5.79478 0.182042 
 1098 -7.22669 -5.6574 0.484125 
 1099 -6.94974 -5.50612 0.425981 
 1100 -6.63681 -5.43572 0.193952 
 1101 -6.32753 -5.41845 0.0414074 
 1102 -6.02102 -5.41821 0.00145026 
 1103 -5.72501 -5.41969 -0.00582163 
 1104 -5.41201 -5.42354 -0.0135377 
 1105 -5.0802 -5.42874 -0.015079 
 1106 -4.78744 -5.43487 -0.0194773 
 1107 -4.50352 -5.43929 -0.0136743 
 1108 -4.20936 -5.44149 -0.00678296 
 1109 -3.90001 -5.44269 -0.00327563 
 1110 -3.62997 -5.44325 -0.00229456 
 1111 -3.32077 -5.44411 -0.00301574 
 1112 -3.01098 -5.44472 -0.00216784 
 1113 -2.70195 -5.44533 -0.002227 
 1114 -2.39792 -5.44641 -0.00381653 
 1115 -2.08896 -5.44759 -0.00376692 
 1116 -1.7851 -5.44868 -0.00329405 
 1117 -1.4819 -5.44962 -0.00323499 
 1118 -1.17188 -5.45049 -0.00281777 
 1119 -0.868922 -5.45124 -0.00241583 
 1120 -0.565054 -5.45185 -0.00226003 
 1121 -0.24586 -5.45279 -0.00299078 
 1122 0.0481646 -5.45388 -0.003567 
 1123 0.367379 -5.45496 -0.00343046 
 1124 0.677404 -5.45578 -0.00301029 
 1125 0.981014 -5.45659 -0.00252221 
 1126 1.30062 -5.45735 0.000798094 
 1127 1.60408 -5.45928 -0.00745418 
 1128 1.90742 -5.46355 -0.0149792 
 1129 2.21698 -5.45738 0.0192569 
 1130 2.52426 -5.48831 -0.155475 
 1131 2.80548 -5.62187 -0.463951 
 1132 3.07587 -5.7913 -0.586655 
 1133 3.32743 -5.93772 -0.452158 
 1134 3.62215 -6.01169 -0.214312 
 1135 3.93095 -6.03471 -0.0596929 
 1136 4.23504 -6.03497 0.00228834 
 1137 4.54447 -6.03132 0.011054 
 1138 4.85343 -6.03001 0.00316106 
 1139 5.15262 -6.03093 -0.00402805 
 1140 5.47892 -6.03459 -0.0140561 
 1141 5.7477 -6.06521 -0.326319 
 1142 5.77995 -6.09854 -0.655207 
 1143 5.7531 -6.12378 -0.977086 
 1144 5.71995 -6.15914 -1.29577 
 1145 5.68366 -6.16335 -1.6148 
 1146 5.64318 -6.16162 -1.93508 
 1147 5.57539 -6.20375 -2.25805 
 1148 5.46457 -6.27501 -2.5741 
 1149 5.34222 -6.2712 -2.89611 
 1150 5.19904 -6.24676 3.06294 
 1151 4.91178 -6.13062 2.78721 
 1152 4.61368 -6.05152 2.90537 
 1153 4.31493 -5.99392 2.9474 
 1154 4.01278 -5.97779 3.12349 
 1155 3.70851 -6.00892 -3.07543 
 1156 3.39654 -5.98179 3.05357 
 1157 3.12647 -5.88264 2.75092 
 1158 2.86468 -5.70559 2.57069 
 1159 2.59477 -5.5672 2.71011 
 1160 2.29898 -5.5081 2.94235 
 1161 1.98867 -5.48158 3.06544 
 1162 1.67838 -5.47402 3.12557 
 1163 1.36908 -5.47477 -3.13855 
 1164 1.05026 -5.47566 -3.14051 
 1165 0.740917 -5.48057 -3.11865 
 1166 0.428748 -5.48827 -3.11816 
 1167 0.123976 -5.49344 -3.12918 
 1168 -0.169738 -5.49411 -3.13842 
 1169 -0.472789 -5.49317 3.13356 
 1170 -0.761633 -5.48858 3.12538 
 1171 -1.04521 -5.48278 3.12659 
 1172 -1.36438 -5.47898 3.13017 
 1173 -1.66399 -5.47626 3.13329 
 1174 -1.97315 -5.47423 3.13546 
 1175 -2.27658 -5.4724 3.13548 
 1176 -2.58411 -5.47058 3.13575 
 1177 -2.89085 -5.4683 3.13453 
 1178 -3.19411 -5.46646 3.13761 
 1179 -3.49563 -5.47369 -3.11792 
 1180 -3.80396 -5.47961 -3.12342 
 1181 -4.11694 -5.48311 -3.13102 
 1182 -4.42613 -5.48431 -3.13905 
 1183 -4.7341 -5.48323 3.13672 
 1184 -5.04505 -5.47997 3.12974 
 1185 -5.34955 -5.4745 3.12218 
 1186 -5.6585 -5.46788 3.12371 
 1187 -5.97866 -5.45764 -3.14156 
 1188 -6.28057 -5.45814 -3.14147 
 1189 -6.58326 -5.45584 3.13574 
 1190 -6.88793 -5.49758 -2.95024 
 1191 -7.1697 -5.61054 -2.77919 
 1192 -7.46653 -5.67965 -2.96609 
 1193 -7.76804 -5.71199 -3.03367 
 1194 -8.07765 -5.71671 3.10734 
 1195 -8.38482 -5.68447 3.03403 
 1196 -8.69115 -5.64241 3.00842 
 1197 -8.99067 -5.59616 2.97655 
 1198 -9.28734 -5.52306 2.88487 
 1199 -9.57049 -5.4105 2.73538 
 1200 -9.84572 -5.24361 2.5867 
 1201 -10.0931 -5.05872 2.48527 
 1202 -10.3252 -4.86135 2.42942 
 1203 -10.5524 -4.65816 2.40772 
 1204 -10.7793 -4.44815 2.3915 
 1205 -10.9986 -4.237 2.37452 
 1206 -11.2187 -4.02157 2.36496 
 1207 -11.4334 -3.80518 2.35057 
 1208 -11.6473 -3.58489 2.33953 
 1209 -11.8598 -3.35926 2.32514 
 1210 -12.0689 -3.1303 2.30701 
 1211 -12.2731 -2.89818 2.28962 
 1212 -12.4747 -2.66162 2.27256 
 1213 -12.6697 -2.42142 2.24413 
 1214 -12.8553 -2.17398 2.20856 
 1215 -13.0326 -1.91139 2.18361 
 1216 -13.2043 -1.65957 2.16734 
 1217 -13.3796 -1.40287 2.17312 
 1218 -13.5712 -1.16553 2.3142 
 1219 -13.793 -1.02628 2.61541 
 1220 -14.0858 -0.929337 2.84052 
 1221 -14.384 -0.85139 2.88814 
 1222 -14.6735 -0.76237 2.82301 
 1223 -14.9558 -0.639449 2.71855 
 1224 -15.2255 -0.501126 2.66231 
 1225 -15.497 -0.352273 2.6404 
 1226 -15.7768 -0.199286 2.62156 
 1227 -16.0434 -0.0444753 2.61544 
 1228 -16.3118 0.108233 2.6246 
 1229 -16.5836 0.257612 2.6404 
 1230 -16.8504 0.401932 2.64722 
 1231 -17.124 0.547014 2.65668 
 1232 -17.4022 0.687295 2.68007 
 1233 -17.6818 0.823119 2.69107 
 1234 -17.9621 0.955545 2.70189 
 1235 -18.2419 1.10669 2.64697 
 1236 -18.3558 1.12235 2.95389 
 1237 -18.347 1.08636 -3.01877 
 1238 -18.3372 1.05225 -2.71261 
 1239 -18.3151 1.02594 -2.39881 
 1240 -18.3187 0.962779 -2.07898 
 1241 -18.3228 0.862419 -1.77426 
 1242 -18.2956 0.744229 -1.46311 
 1243 -18.2335 0.648932 -1.16074 
 1244 -18.1334 0.558867 -0.834007 
 1245 -18.0013 0.491081 -0.514326 
 1246 -17.7036 0.404444 -0.275203 
 1247 -17.4022 0.333929 -0.225979 
 1248 -17.0996 0.271939 -0.202025 
 1249 -16.8047 0.182672 -0.316271 
 1250 -16.5166 0.0596071 -0.431269 
 1251 -16.2442 -0.0884633 -0.49894 
 1252 -15.9753 -0.240337 -0.515107 
 1253 -15.7033 -0.388613 -0.488646 
 1254 -15.4299 -0.520339 -0.4485 
 1255 -15.1513 -0.641717 -0.408612 
 1256 -14.8694 -0.755085 -0.376606 
 1257 -14.5801 -0.870012 -0.370438 
 1258 -14.2835 -0.958428 -0.275368 
 1259 -13.9887 -1.02978 -0.234318 
 1260 -13.7038 -1.13039 -0.397709 
 1261 -13.4479 -1.32034 -0.7035 
 1262 -13.2556 -1.56378 -0.904779 
 1263 -13.0815 -1.81993 -0.973052 
 1264 -12.9089 -2.07745 -0.978425 
 1265 -12.7356 -2.33361 -0.975443 
 1266 -12.5589 -2.58141 -0.947175 
 1267 -12.3706 -2.81966 -0.89698 
 1268 -12.1691 -3.05307 -0.852708 
 1269 -11.9622 -3.27631 -0.821173 
 1270 -11.749 -3.50024 -0.809478 
 1271 -11.5391 -3.71887 -0.805633 
 1272 -11.3235 -3.94079 -0.804021 
 1273 -11.1077 -4.15533 -0.778984 
 1274 -10.8825 -4.36937 -0.758611 
 1275 -10.6578 -4.5749 -0.737219 
 1276 -10.4243 -4.77932 -0.716729 
 1277 -10.1858 -4.97906 -0.694463 
 1278 -9.94893 -5.16356 -0.659002 
 1279 -9.69848 -5.33971 -0.590975 
 1280 -9.41736 -5.47505 -0.4205 
 1281 -9.12585 -5.56238 -0.281703 
 1282 -8.83016 -5.63211 -0.228883 
 1283 -8.53239 -5.6878 -0.164919 
 1284 -8.18862 -5.73247 -0.149507 
 1285 -7.89038 -5.79387 -0.20918 
 1286 -7.58161 -5.82135 -0.0340244 
 1287 -7.38515 -5.76303 0.28143 
 1288 -7.12315 -5.59656 0.531939 
 1289 -6.83492 -5.48461 0.312652 
 1290 -6.53141 -5.45041 0.0897806 
 1291 -6.22583 -5.45134 -0.00688839 
 1292 -5.89936 -5.45709 -0.018075 
 1293 -5.61841 -5.46387 -0.0235572 
 1294 -5.33662 -5.46963 -0.0188599 
 1295 -5.04002 -5.47345 -0.0131437 
 1296 -4.74393 -5.4787 -0.0164206 
 1297 -4.42786 -5.47807 0.00397037 
 1298 -4.1175 -5.47697 0.00133889 
 1299 -3.83111 -5.47895 -0.00691902 
 1300 -3.55957 -5.48124 -0.00853509 
 1301 -3.25096 -5.48469 -0.0110925 
 1302 -2.94474 -5.48553 0.000403232 
 1303 -2.63453 -5.48467 0.00896185 
 1304 -2.32948 -5.479 0.0152757 
 1305 -2.0255 -5.47651 0.00729607 
 1306 -1.71529 -5.4763 -0.000778075 
 1307 -1.40548 -5.4785 -0.00802284 
 1308 -1.1015 -5.4829 -0.0154463 
 1309 -0.787643 -5.48947 -0.0225933 
 1310 -0.483913 -5.49558 -0.0190237 
 1311 -0.180216 -5.50037 -0.0151428 
 1312 0.123653 -5.50418 -0.0124685 
 1313 0.433313 -5.50755 -0.0110587 
 1314 0.747324 -5.50201 0.0220486 
 1315 1.05766 -5.49583 0.017808 
 1316 1.36685 -5.49447 -0.00403356 
 1317 1.68683 -5.50068 -0.015662 
 1318 1.97955 -5.51602 -0.0177153 
 1319 2.27395 -5.49841 0.0160458 
 1320 2.58847 -5.5526 -0.241191 
 1321 2.87487 -5.69538 -0.42807 
 1322 3.16108 -5.80211 -0.329349 
 1323 3.46981 -5.88235 -0.254427 
 1324 3.75019 -5.8968 0.0556536 
 1325 3.88315 -5.83481 0.365952 
 1326 4.00992 -5.73086 0.689329 
 1327 4.0924 -5.56436 1.00057 
 1328 4.16078 -5.32099 1.30736 
 1329 4.18587 -5.02339 1.50028 
 1330 4.19547 -4.71347 1.53548 
 1331 4.20539 -4.39442 1.54651 
 1332 4.21143 -4.08477 1.54755 
 1333 4.22798 -3.77167 1.51518 
 1334 4.24678 -3.46304 1.50975 
 1335 4.26769 -3.16446 1.50188 
 1336 4.3183 -2.84981 1.3786 
 1337 4.4127 -2.55415 1.24195 
 1338 4.52946 -2.27336 1.17197 
 1339 4.68712 -1.9959 1.05658 
 1340 4.78814 -1.88567 0.727998 
 1341 4.80698 -1.91459 0.426741 
 1342 4.82644 -1.94829 0.121448 
 1343 4.82537 -1.97337 -0.188459 
 1344 4.8149 -2.01311 -0.536595 
 1345 4.83739 -2.08144 -0.867166 
 1346 4.86807 -2.19796 -1.18394 
 1347 4.86205 -2.32243 -1.48323 
 1348 4.81957 -2.43916 -1.80109 
 1349 4.72728 -2.55272 -2.16527 
 1350 4.50218 -2.7616 -2.39606 
 1351 4.3099 -2.99301 -2.18738 
 1352 4.21432 -3.26345 -1.87626 
 1353 4.17995 -3.57543 -1.66542 
 1354 4.17653 -3.87914 -1.57499 
 1355 4.18348 -4.17869 -1.55471 
 1356 4.1881 -4.49836 -1.55529 
 1357 4.18945 -4.80749 -1.56758 
 1358 4.18305 -5.10727 -1.60335 
 1359 4.13898 -5.41781 -1.74778 
 1360 4.02126 -5.67522 -2.0482 
 1361 3.88745 -5.78695 -2.37119 
 1362 3.76588 -5.83938 -2.69637 
 1363 3.53948 -5.8664 -2.99962 
 1364 3.22693 -5.86816 3.09929 
 1365 2.9798 -5.77422 2.79189 
 1366 2.71005 -5.62777 2.69832 
 1367 2.41378 -5.54809 2.88385 
 1368 2.10622 -5.51309 3.04805 
 1369 1.8095 -5.50711 3.12692 
 1370 1.52215 -5.50974 -3.13382 
 1371 1.23579 -5.51109 -3.13991 
 1372 0.944679 -5.51016 3.13628 
 1373 0.618655 -5.50751 3.13198 
 1374 0.35202 -5.50461 3.13042 
 1375 0.031654 -5.50158 3.13053 
 1376 -0.28572 -5.50639 -3.12334 
 1377 -0.575803 -5.51173 -3.12687 
 1378 -0.876796 -5.51465 -3.13396 
 1379 -1.18278 -5.51561 -3.14075 
 1380 -1.49975 -5.514 3.13416 
 1381 -1.79611 -5.51022 3.1271 
 1382 -2.10761 -5.50455 3.12304 
 1383 -2.40791 -5.4996 3.12547 
 1384 -2.70944 -5.49788 -3.13892 
 1385 -3.01647 -5.50461 -3.12137 
 1386 -3.31949 -5.50893 -3.12897 
 1387 -3.62732 -5.51073 -3.13724 
 1388 -3.93057 -5.51008 3.13828 
 1389 -4.23318 -5.50739 3.13093 
 1390 -4.5366 -5.50249 3.1236 
 1391 -4.84498 -5.49693 3.12363 
 1392 -5.15861 -5.493 3.12547 
 1393 -5.47102 -5.48906 3.12766 
 1394 -5.77429 -5.4922 -3.12809 
 1395 -6.0829 -5.49713 -3.12993 
 1396 -6.38665 -5.49425 3.12029 
 1397 -6.69554 -5.49306 -3.1221 
 1398 -6.98103 -5.57076 -2.82432 
 1399 -7.26613 -5.68555 -2.86043 
 1400 -7.57789 -5.71489 -3.04371 
 1401 -7.88353 -5.7368 -3.06338 
 1402 -8.18904 -5.73002 3.10373 
 1403 -8.50384 -5.6732 2.94407 
 1404 -8.80308 -5.60962 2.95011 
 1405 -9.11055 -5.56107 2.98308 
 1406 -9.41451 -5.49341 2.89972 
 1407 -9.69517 -5.37263 2.71208 
 1408 -9.95601 -5.2118 2.57517 
 1409 -10.2027 -5.03106 2.50385 
 1410 -10.4477 -4.83901 2.47422 
 1411 -10.5987 -4.71624 2.45684 
 1412 -10.8381 -4.52021 2.45353 
 1413 -11.0781 -4.32323 2.45463 
 1414 -11.3174 -4.12709 2.45683 
 1415 -11.5505 -3.93733 2.45922 
 1416 -11.7886 -3.74409 2.46239 
 1417 -12.0296 -3.54911 2.46139 
 1418 -12.2652 -3.35832 2.46323 
 1419 -12.506 -3.16357 2.46375 
 1420 -12.7428 -2.97348 2.4731 
 1421 -12.9869 -2.78183 2.47931 
 1422 -13.2263 -2.59806 2.50781 
 1423 -13.4894 -2.43249 2.70225 
 1424 -13.7796 -2.32674 2.86266 
 1425 -14.0747 -2.2679 3.11332 
 1426 -14.2179 -2.28422 -2.86187 
 1427 -14.3477 -2.3324 -2.54541 
 1428 -14.449 -2.43342 -2.24167 
 1429 -14.5369 -2.58791 -1.92957 
 1430 -14.5947 -2.87033 -1.62425 
